 0.000 -0.000 -0.000
-0.001 -0.000 -0.001
-0.001 -0.000 -0.001
-0.002 -0.000 -0.002
-0.002 -0.000 -0.002
-0.003  0.000 -0.003
-0.003  0.000 -0.003
-0.004  0.000 -0.004
-0.004 -0.000 -0.004
-0.005 -0.000 -0.005
-0.005 -0.000 -0.005
-0.006  0.000 -0.006
-0.006  0.000 -0.006
-0.007 -0.000 -0.007
-0.007 -0.000 -0.008
-0.008 -0.000 -0.009
-0.009 -0.000 -0.009
-0.010 -0.000 -0.010
-0.010 -0.000 -0.010
-0.010 -0.000 -0.011
-0.011 -0.000 -0.011
-0.012 -0.000 -0.012
-0.012 -0.000 -0.012
-0.013 -0.000 -0.013
-0.013 -0.000 -0.013
-0.014 -0.000 -0.014
-0.014 -0.000 -0.014
-0.015 -0.000 -0.015
-0.015 -0.000 -0.015
-0.015 -0.000 -0.016
-0.016 -0.000 -0.016
-0.016 -0.001 -0.017
-0.017 -0.001 -0.017
-0.017 -0.001 -0.018
-0.018 -0.001 -0.018
-0.018 -0.001 -0.020
-0.019 -0.001 -0.020
-0.019 -0.001 -0.021
-0.020 -0.001 -0.021
-0.020 -0.002 -0.022
-0.021 -0.001 -0.022
-0.021 -0.002 -0.023
-0.022 -0.002 -0.023
-0.022 -0.002 -0.024
-0.023 -0.002 -0.025
-0.023 -0.002 -0.026
-0.024 -0.002 -0.026
-0.024 -0.003 -0.027
-0.025 -0.002 -0.027
-0.025 -0.003 -0.028
-0.026 -0.002 -0.028
-0.026 -0.002 -0.029
-0.027 -0.002 -0.029
-0.027 -0.002 -0.030
-0.028 -0.002 -0.029
-0.028 -0.002 -0.030
-0.029 -0.002 -0.030
-0.029 -0.002 -0.031
-0.029 -0.002 -0.031
-0.030 -0.002 -0.032
-0.030 -0.002 -0.032
-0.031 -0.002 -0.033
-0.031 -0.002 -0.033
-0.032 -0.003 -0.035
-0.032 -0.002 -0.034
-0.033 -0.003 -0.035
-0.033 -0.002 -0.035
-0.034 -0.003 -0.036
-0.034 -0.002 -0.036
-0.035 -0.003 -0.037
-0.035 -0.002 -0.037
-0.036 -0.002 -0.038
-0.036 -0.002 -0.038
-0.037 -0.002 -0.038
-0.037 -0.001 -0.038
-0.038 -0.001 -0.039
-0.038 -0.001 -0.039
-0.038 -0.001 -0.040
-0.039 -0.001 -0.040
-0.039 -0.002 -0.041
-0.039 -0.002 -0.041
-0.040 -0.003 -0.043
-0.040 -0.003 -0.043
-0.041 -0.003 -0.044
-0.041 -0.003 -0.045
-0.042 -0.004 -0.046
-0.042 -0.003 -0.046
-0.043 -0.004 -0.047
-0.043 -0.003 -0.046
-0.044 -0.003 -0.047
-0.044 -0.003 -0.047
-0.045 -0.003 -0.048
-0.045 -0.002 -0.047
-0.046 -0.002 -0.048
-0.046 -0.001 -0.047
-0.047 -0.001 -0.048
-0.047 -0.001 -0.048
-0.047 -0.002 -0.049
-0.047 -0.001 -0.049
-0.048 -0.002 -0.050
-0.048 -0.002 -0.050
-0.049 -0.002 -0.051
-0.049 -0.002 -0.051
-0.050 -0.003 -0.053
-0.050 -0.003 -0.053
-0.051 -0.003 -0.054
-0.051 -0.003 -0.054
-0.051 -0.004 -0.055
-0.052 -0.004 -0.056
-0.052 -0.004 -0.056
-0.053 -0.004 -0.056
-0.053 -0.004 -0.057
-0.053 -0.003 -0.057
-0.054 -0.003 -0.058
-0.054 -0.003 -0.057
-0.055 -0.003 -0.058
-0.055 -0.003 -0.058
-0.056 -0.003 -0.059
-0.056 -0.003 -0.059
-0.057 -0.003 -0.060
-0.057 -0.003 -0.060
-0.057 -0.003 -0.061
-0.058 -0.003 -0.061
-0.058 -0.003 -0.062
-0.058 -0.003 -0.062
-0.059 -0.004 -0.063
-0.059 -0.004 -0.063
-0.060 -0.004 -0.064
-0.060 -0.004 -0.064
-0.061 -0.004 -0.064
-0.061 -0.004 -0.064
-0.062 -0.003 -0.065
-0.062 -0.003 -0.065
-0.062 -0.003 -0.065
-0.063 -0.002 -0.065
-0.063 -0.002 -0.066
-0.063 -0.002 -0.066
-0.064 -0.002 -0.066
-0.064 -0.002 -0.066
-0.065 -0.003 -0.067
-0.065 -0.003 -0.067
-0.065 -0.003 -0.068
-0.065 -0.003 -0.068
-0.066 -0.003 -0.069
-0.066 -0.003 -0.069
-0.067 -0.003 -0.070
-0.067 -0.003 -0.070
-0.068 -0.003 -0.070
-0.068 -0.003 -0.071
-0.068 -0.003 -0.071
-0.069 -0.003 -0.071
-0.069 -0.003 -0.072
-0.069 -0.003 -0.072
-0.070 -0.003 -0.072
-0.070 -0.003 -0.073
-0.071 -0.003 -0.073
-0.071 -0.003 -0.073
-0.071 -0.003 -0.074
-0.071 -0.003 -0.074
-0.072 -0.003 -0.075
-0.072 -0.003 -0.075
-0.073 -0.003 -0.075
-0.073 -0.003 -0.076
-0.074 -0.003 -0.076
-0.074 -0.003 -0.076
-0.074 -0.002 -0.077
-0.074 -0.003 -0.077
-0.075 -0.002 -0.077
-0.075 -0.003 -0.078
-0.076 -0.003 -0.078
-0.076 -0.003 -0.078
-0.076 -0.003 -0.079
-0.076 -0.003 -0.080
-0.077 -0.003 -0.080
-0.077 -0.004 -0.081
-0.078 -0.003 -0.081
-0.078 -0.004 -0.081
-0.078 -0.004 -0.082
-0.078 -0.004 -0.082
-0.079 -0.004 -0.083
-0.079 -0.004 -0.083
-0.080 -0.004 -0.084
-0.080 -0.004 -0.084
-0.081 -0.003 -0.084
-0.081 -0.003 -0.084
-0.081 -0.003 -0.084
-0.081 -0.003 -0.084
-0.082 -0.003 -0.085
-0.082 -0.003 -0.085
-0.083 -0.003 -0.085
-0.083 -0.003 -0.085
-0.083 -0.003 -0.086
-0.083 -0.003 -0.086
-0.084 -0.003 -0.087
-0.084 -0.003 -0.087
-0.084 -0.003 -0.088
-0.084 -0.003 -0.088
-0.085 -0.003 -0.088
-0.085 -0.003 -0.088
-0.086 -0.003 -0.089
-0.086 -0.003 -0.089
-0.087 -0.003 -0.089
-0.087 -0.003 -0.089
-0.087 -0.002 -0.090
-0.087 -0.002 -0.090
-0.088 -0.002 -0.090
-0.088 -0.003 -0.090
-0.088 -0.003 -0.091
-0.088 -0.003 -0.092
-0.089 -0.003 -0.092
-0.089 -0.003 -0.092
-0.090 -0.003 -0.093
-0.090 -0.004 -0.093
-0.090 -0.003 -0.094
-0.090 -0.004 -0.094
-0.091 -0.003 -0.094
-0.091 -0.004 -0.095
-0.092 -0.003 -0.095
-0.092 -0.004 -0.095
-0.092 -0.004 -0.096
-0.092 -0.004 -0.096
-0.093 -0.004 -0.097
-0.093 -0.004 -0.097
-0.094 -0.004 -0.097
-0.093 -0.004 -0.098
-0.094 -0.004 -0.098
-0.094 -0.005 -0.099
-0.095 -0.005 -0.099
-0.095 -0.005 -0.100
-0.095 -0.005 -0.101
-0.095 -0.005 -0.101
-0.096 -0.005 -0.101
-0.096 -0.005 -0.102
-0.097 -0.005 -0.102
-0.097 -0.005 -0.102
-0.097 -0.005 -0.102
-0.097 -0.005 -0.102
-0.098 -0.004 -0.102
-0.098 -0.004 -0.103
-0.099 -0.004 -0.103
-0.099 -0.004 -0.103
-0.099 -0.004 -0.103
-0.099 -0.005 -0.104
-0.100 -0.004 -0.104
-0.100 -0.005 -0.104
-0.100 -0.005 -0.105
-0.100 -0.005 -0.105
-0.101 -0.005 -0.106
-0.101 -0.005 -0.106
-0.102 -0.005 -0.106
-0.102 -0.005 -0.106
-0.102 -0.005 -0.107
-0.102 -0.005 -0.107
-0.103 -0.004 -0.107
-0.103 -0.004 -0.107
-0.103 -0.004 -0.108
-0.103 -0.004 -0.108
-0.104 -0.004 -0.108
-0.104 -0.004 -0.108
-0.105 -0.004 -0.109
-0.105 -0.004 -0.109
-0.105 -0.004 -0.109
-0.105 -0.005 -0.110
-0.106 -0.005 -0.110
-0.106 -0.005 -0.110
-0.106 -0.005 -0.111
-0.106 -0.005 -0.111
-0.107 -0.005 -0.112
-0.107 -0.005 -0.112
-0.107 -0.004 -0.112
-0.108 -0.005 -0.112
-0.108 -0.004 -0.112
-0.108 -0.004 -0.112
-0.109 -0.004 -0.113
-0.109 -0.004 -0.113
-0.109 -0.004 -0.113
-0.109 -0.004 -0.113
-0.110 -0.004 -0.113
-0.110 -0.004 -0.114
-0.110 -0.004 -0.114
-0.110 -0.004 -0.114
-0.111 -0.004 -0.115
-0.111 -0.004 -0.115
-0.111 -0.004 -0.115
-0.111 -0.004 -0.115
-0.112 -0.004 -0.116
-0.112 -0.004 -0.116
-0.112 -0.004 -0.116
-0.112 -0.004 -0.116
-0.113 -0.004 -0.117
-0.113 -0.004 -0.117
-0.113 -0.004 -0.117
-0.113 -0.004 -0.117
-0.114 -0.004 -0.118
-0.114 -0.004 -0.118
-0.114 -0.004 -0.118
-0.114 -0.004 -0.118
-0.115 -0.004 -0.119
-0.115 -0.004 -0.119
-0.115 -0.004 -0.119
-0.115 -0.004 -0.119
-0.116 -0.004 -0.120
-0.116 -0.004 -0.120
-0.117 -0.004 -0.120
-0.116 -0.004 -0.120
-0.117 -0.004 -0.121
-0.117 -0.004 -0.121
-0.117 -0.004 -0.121
-0.117 -0.004 -0.121
-0.118 -0.004 -0.122
-0.118 -0.004 -0.122
-0.118 -0.004 -0.122
-0.119 -0.004 -0.122
-0.119 -0.004 -0.123
-0.119 -0.004 -0.123
-0.119 -0.004 -0.123
-0.119 -0.004 -0.123
-0.120 -0.004 -0.124
-0.120 -0.004 -0.124
-0.121 -0.004 -0.124
-0.121 -0.004 -0.124
-0.121 -0.004 -0.125
-0.121 -0.004 -0.125
-0.121 -0.004 -0.126
-0.121 -0.004 -0.125
-0.122 -0.004 -0.126
-0.122 -0.004 -0.126
-0.122 -0.004 -0.127
-0.122 -0.004 -0.126
-0.123 -0.004 -0.127
-0.123 -0.004 -0.127
-0.124 -0.004 -0.127
-0.124 -0.003 -0.127
-0.124 -0.003 -0.127
-0.124 -0.003 -0.127
-0.124 -0.003 -0.128
-0.124 -0.003 -0.128
-0.125 -0.003 -0.128
-0.125 -0.003 -0.128
-0.125 -0.004 -0.129
-0.125 -0.004 -0.129
-0.126 -0.004 -0.130
-0.126 -0.004 -0.130
-0.126 -0.004 -0.130
-0.126 -0.004 -0.130
-0.127 -0.004 -0.131
-0.127 -0.004 -0.131
-0.127 -0.004 -0.131
-0.127 -0.004 -0.131
-0.128 -0.004 -0.131
-0.128 -0.003 -0.131
-0.128 -0.003 -0.131
-0.128 -0.003 -0.131
-0.129 -0.003 -0.132
-0.129 -0.003 -0.131
-0.129 -0.003 -0.132
-0.129 -0.003 -0.132
-0.129 -0.003 -0.132
-0.129 -0.003 -0.132
-0.130 -0.003 -0.133
-0.130 -0.003 -0.133
-0.130 -0.003 -0.134
-0.130 -0.003 -0.134
-0.131 -0.003 -0.134
-0.131 -0.003 -0.134
-0.131 -0.003 -0.134
-0.131 -0.003 -0.134
-0.132 -0.003 -0.135
-0.132 -0.003 -0.135
-0.132 -0.003 -0.135
-0.132 -0.003 -0.135
-0.132 -0.003 -0.135
-0.132 -0.003 -0.135
-0.133 -0.003 -0.136
-0.133 -0.003 -0.136
-0.133 -0.003 -0.136
-0.133 -0.003 -0.136
-0.134 -0.003 -0.137
-0.134 -0.003 -0.137
-0.134 -0.004 -0.137
-0.134 -0.003 -0.137
-0.134 -0.004 -0.138
-0.134 -0.004 -0.138
-0.135 -0.004 -0.139
-0.135 -0.004 -0.138
-0.135 -0.004 -0.139
-0.135 -0.004 -0.139
-0.136 -0.004 -0.139
-0.136 -0.003 -0.139
-0.136 -0.004 -0.140
-0.136 -0.003 -0.139
-0.136 -0.003 -0.140
-0.136 -0.003 -0.140
-0.137 -0.003 -0.140
-0.137 -0.003 -0.140
-0.137 -0.003 -0.141
-0.137 -0.003 -0.140
-0.138 -0.003 -0.141
-0.138 -0.003 -0.141
-0.138 -0.003 -0.141
-0.138 -0.003 -0.141
-0.138 -0.003 -0.142
-0.138 -0.003 -0.141
-0.139 -0.003 -0.142
-0.139 -0.003 -0.142
-0.139 -0.003 -0.142
-0.139 -0.003 -0.142
-0.140 -0.003 -0.142
-0.140 -0.002 -0.142
-0.140 -0.003 -0.143
-0.140 -0.003 -0.143
-0.140 -0.003 -0.143
-0.140 -0.003 -0.143
-0.141 -0.003 -0.144
-0.141 -0.003 -0.144
-0.141 -0.003 -0.144
-0.141 -0.003 -0.144
-0.141 -0.003 -0.145
-0.141 -0.003 -0.144
-0.142 -0.003 -0.145
-0.142 -0.003 -0.144
-0.142 -0.002 -0.145
-0.142 -0.002 -0.144
-0.143 -0.002 -0.144
-0.143 -0.002 -0.144
-0.143 -0.001 -0.144
-0.143 -0.001 -0.144
-0.143 -0.001 -0.144
-0.143 -0.001 -0.144
-0.144 -0.000 -0.144
-0.144 -0.000 -0.144
-0.144  0.000 -0.144
-0.144  0.000 -0.144
-0.144  0.000 -0.144
-0.144  0.001 -0.144
-0.145  0.001 -0.144
-0.145  0.001 -0.143
-0.145  0.001 -0.144
-0.145  0.001 -0.143
-0.145  0.001 -0.144
-0.145  0.001 -0.144
-0.145  0.001 -0.144
-0.145  0.001 -0.144
-0.146  0.001 -0.145
-0.145  0.001 -0.145
-0.146  0.000 -0.145
-0.146  0.000 -0.145
-0.146  0.000 -0.146
-0.146  0.000 -0.146
-0.147  0.000 -0.146
-0.147  0.001 -0.146
-0.147  0.001 -0.146
-0.147  0.001 -0.146
-0.147  0.001 -0.146
-0.147  0.002 -0.145
-0.148  0.002 -0.145
-0.147  0.003 -0.145
-0.148  0.003 -0.145
-0.148  0.003 -0.144
-0.148  0.003 -0.145
-0.148  0.004 -0.144
-0.148  0.004 -0.144
-0.148  0.004 -0.144
-0.148  0.004 -0.144
-0.148  0.005 -0.143
-0.149  0.005 -0.144
-0.149  0.006 -0.143
-0.149  0.006 -0.143
-0.149  0.007 -0.142
-0.149  0.007 -0.142
-0.149  0.008 -0.141
-0.149  0.008 -0.141
-0.149  0.009 -0.140
-0.150  0.010 -0.140
-0.150  0.011 -0.138
-0.150  0.012 -0.138
-0.150  0.013 -0.136
-0.150  0.015 -0.135
-0.150  0.016 -0.134
-0.150  0.018 -0.133
-0.150  0.019 -0.131
-0.150  0.021 -0.130
-0.150  0.022 -0.128
-0.150  0.024 -0.126
-0.150  0.027 -0.124
-0.150  0.029 -0.122
-0.150  0.031 -0.119
-0.150  0.034 -0.117
-0.150  0.036 -0.114
-0.150  0.038 -0.112
-0.150  0.040 -0.110
-0.150  0.043 -0.107
-0.149  0.044 -0.105
-0.149  0.047 -0.103
-0.149  0.048 -0.101
-0.149  0.050 -0.098
-0.149  0.052 -0.096
-0.148  0.055 -0.094
-0.148  0.057 -0.091
-0.148  0.059 -0.089
-0.147  0.061 -0.087
-0.147  0.062 -0.085
-0.147  0.064 -0.083
-0.146  0.066 -0.081
-0.146  0.067 -0.078
-0.146  0.069 -0.077
-0.145  0.071 -0.074
-0.145  0.073 -0.072
-0.144  0.075 -0.070
-0.144  0.077 -0.067
-0.144  0.079 -0.065
-0.143  0.081 -0.062
-0.143  0.082 -0.061
-0.142  0.084 -0.058
-0.142  0.085 -0.057
-0.141  0.087 -0.054
-0.141  0.088 -0.052
-0.140  0.090 -0.049
-0.140  0.092 -0.048
-0.138  0.094 -0.045
-0.138  0.095 -0.044
-0.137  0.096 -0.041
-0.137  0.097 -0.040
-0.136  0.099 -0.037
-0.136  0.100 -0.036
-0.135  0.102 -0.033
-0.134  0.103 -0.032
-0.133  0.104 -0.029
-0.133  0.105 -0.028
-0.132  0.106 -0.026
-0.132  0.107 -0.025
-0.130  0.108 -0.023
-0.130  0.108 -0.022
-0.129  0.109 -0.020
-0.129  0.109 -0.020
-0.128  0.110 -0.018
-0.127  0.109 -0.018
-0.126  0.110 -0.016
-0.126  0.110 -0.016
-0.125  0.111 -0.014
-0.124  0.110 -0.014
-0.123  0.111 -0.012
-0.123  0.111 -0.012
-0.122  0.112 -0.010
-0.121  0.112 -0.009
-0.120  0.113 -0.007
-0.120  0.113 -0.007
-0.119  0.114 -0.005
-0.119  0.114 -0.004
-0.118  0.115 -0.002
-0.117  0.116 -0.002
-0.116  0.117  0.001
-0.116  0.117  0.001
-0.114  0.118  0.003
-0.114  0.117  0.003
-0.113  0.118  0.005
-0.112  0.118  0.005
-0.111  0.119  0.007
-0.111  0.118  0.007
-0.110  0.119  0.009
-0.109  0.118  0.009
-0.108  0.119  0.011
-0.108  0.118  0.010
-0.106  0.119  0.012
-0.106  0.118  0.012
-0.105  0.119  0.014
-0.105  0.119  0.014
-0.103  0.119  0.016
-0.103  0.119  0.016
-0.102  0.120  0.018
-0.101  0.120  0.018
-0.100  0.121  0.020
-0.100  0.120  0.020
-0.099  0.121  0.023
-0.098  0.121  0.023
-0.097  0.123  0.025
-0.097  0.123  0.026
-0.096  0.124  0.029
-0.095  0.124  0.029
-0.094  0.125  0.031
-0.093  0.125  0.032
-0.092  0.126  0.034
-0.091  0.125  0.034
-0.090  0.126  0.035
-0.090  0.124  0.035
-0.088  0.125  0.036
-0.088  0.123  0.035
-0.087  0.123  0.037
-0.086  0.122  0.036
-0.085  0.122  0.037
-0.085  0.121  0.037
-0.084  0.122  0.038
-0.083  0.121  0.038
-0.082  0.121  0.039
-0.081  0.120  0.039
-0.080  0.121  0.041
-0.080  0.120  0.040
-0.079  0.121  0.042
-0.078  0.120  0.042
-0.077  0.120  0.043
-0.077  0.119  0.043
-0.076  0.119  0.044
-0.075  0.118  0.044
-0.074  0.119  0.045
-0.073  0.118  0.045
-0.072  0.118  0.046
-0.072  0.118  0.046
-0.071  0.119  0.048
-0.070  0.118  0.048
-0.069  0.119  0.049
-0.069  0.119  0.050
-0.068  0.120  0.052
-0.067  0.120  0.053
-0.066  0.121  0.055
-0.066  0.121  0.056
-0.065  0.123  0.058
-0.064  0.123  0.059
-0.063  0.124  0.061
-0.062  0.123  0.061
-0.061  0.124  0.063
-0.060  0.123  0.063
-0.060  0.124  0.064
-0.059  0.123  0.064
-0.058  0.124  0.066
-0.057  0.123  0.066
-0.056  0.124  0.067
-0.055  0.123  0.067
-0.054  0.123  0.069
-0.054  0.122  0.069
-0.053  0.123  0.070
-0.052  0.122  0.070
-0.051  0.122  0.071
-0.050  0.121  0.071
-0.049  0.121  0.072
-0.049  0.120  0.071
-0.048  0.120  0.073
-0.047  0.119  0.072
-0.046  0.120  0.073
-0.045  0.119  0.073
-0.045  0.120  0.075
-0.044  0.119  0.075
-0.043  0.120  0.077
-0.042  0.120  0.078
-0.042  0.122  0.080
-0.041  0.122  0.081
-0.040  0.124  0.084
-0.040  0.124  0.084
-0.038  0.126  0.087
-0.038  0.126  0.088
-0.037  0.127  0.091
-0.036  0.127  0.091
-0.035  0.128  0.093
-0.034  0.127  0.093
-0.033  0.127  0.095
-0.032  0.127  0.095
-0.031  0.126  0.096
-0.030  0.125  0.095
-0.029  0.125  0.096
-0.028  0.124  0.096
-0.027  0.124  0.097
-0.027  0.124  0.097
-0.026  0.124  0.098
-0.025  0.124  0.098
-0.024  0.124  0.100
-0.024  0.124  0.100
-0.023  0.125  0.102
-0.022  0.125  0.103
-0.021  0.126  0.105
-0.020  0.126  0.106
-0.019  0.127  0.108
-0.019  0.127  0.109
-0.018  0.128  0.110
-0.017  0.128  0.111
-0.016  0.129  0.113
-0.015  0.129  0.114
-0.014  0.130  0.116
-0.013  0.130  0.117
-0.012  0.130  0.118
-0.011  0.130  0.119
-0.010  0.131  0.120
-0.009  0.131  0.121
-0.008  0.131  0.123
-0.008  0.131  0.124
-0.007  0.132  0.125
-0.006  0.132  0.126
-0.005  0.133  0.128
-0.004  0.133  0.129
-0.003  0.134  0.131
-0.002  0.135  0.133
-0.001  0.136  0.134
-0.001  0.136  0.136
 0.001  0.137  0.138
 0.002  0.137  0.139
 0.003  0.137  0.140
 0.004  0.137  0.141
 0.005  0.137  0.142
 0.006  0.137  0.142
 0.007  0.136  0.143
 0.008  0.136  0.144
 0.009  0.136  0.145
 0.009  0.136  0.145
 0.010  0.136  0.146
 0.011  0.137  0.148
 0.012  0.137  0.149
 0.013  0.138  0.151
 0.014  0.139  0.153
 0.015  0.140  0.154
 0.016  0.141  0.156
 0.017  0.142  0.158
 0.018  0.142  0.160
 0.019  0.143  0.162
 0.020  0.143  0.163
 0.021  0.144  0.165
 0.022  0.144  0.166
 0.023  0.144  0.167
 0.024  0.143  0.168
 0.025  0.143  0.169
 0.026  0.143  0.169
 0.027  0.142  0.170
 0.028  0.141  0.170
 0.029  0.141  0.170
 0.030  0.140  0.171
 0.031  0.141  0.172
 0.032  0.140  0.172
 0.033  0.141  0.174
 0.034  0.141  0.175
 0.035  0.143  0.177
 0.036  0.143  0.179
 0.037  0.145  0.181
 0.038  0.145  0.183
 0.039  0.146  0.185
 0.040  0.146  0.186
 0.041  0.147  0.188
 0.042  0.147  0.189
 0.043  0.147  0.190
 0.044  0.147  0.191
 0.045  0.148  0.193
 0.046  0.147  0.194
 0.047  0.148  0.195
 0.049  0.147  0.196
 0.049  0.148  0.197
 0.051  0.147  0.198
 0.052  0.148  0.199
 0.053  0.147  0.200
 0.054  0.147  0.201
 0.055  0.147  0.202
 0.056  0.147  0.203
 0.057  0.147  0.204
 0.058  0.147  0.205
 0.059  0.147  0.206
 0.060  0.148  0.207
 0.061  0.147  0.208
 0.062  0.148  0.210
 0.063  0.148  0.211
 0.064  0.148  0.212
 0.065  0.148  0.213
 0.066  0.149  0.215
 0.067  0.148  0.216
 0.068  0.149  0.217
 0.070  0.148  0.218
 0.070  0.149  0.219
 0.072  0.148  0.219
 0.073  0.148  0.221
 0.074  0.147  0.221
 0.075  0.148  0.223
 0.076  0.148  0.224
 0.077  0.149  0.225
 0.078  0.148  0.226
 0.079  0.148  0.227
 0.080  0.147  0.228
 0.081  0.147  0.229
 0.082  0.146  0.229
 0.083  0.146  0.230
 0.085  0.145  0.230
 0.085  0.145  0.230
 0.087  0.144  0.231
 0.087  0.144  0.231
 0.089  0.143  0.231
 0.090  0.142  0.232
 0.091  0.142  0.232
 0.091  0.142  0.233
 0.093  0.141  0.234
 0.093  0.142  0.235
 0.095  0.142  0.236
 0.095  0.142  0.238
 0.097  0.142  0.238
 0.097  0.142  0.239
 0.099  0.141  0.240
 0.100  0.141  0.240
 0.101  0.139  0.240
 0.102  0.139  0.241
 0.103  0.139  0.241
 0.103  0.139  0.242
 0.105  0.139  0.243
 0.105  0.139  0.244
 0.107  0.139  0.245
 0.107  0.139  0.246
 0.109  0.138  0.247
 0.109  0.138  0.248
 0.111  0.138  0.248
 0.111  0.137  0.249
 0.113  0.137  0.249
 0.113  0.136  0.250
 0.115  0.136  0.250
 0.115  0.136  0.251
 0.117  0.135  0.251
 0.117  0.135  0.252
 0.118  0.134  0.253
 0.119  0.134  0.253
 0.120  0.134  0.254
 0.121  0.134  0.255
 0.122  0.134  0.256
 0.123  0.134  0.257
 0.124  0.134  0.258
 0.125  0.135  0.260
 0.126  0.136  0.261
 0.126  0.137  0.264
 0.127  0.138  0.266
 0.128  0.140  0.268
 0.129  0.140  0.270
 0.130  0.142  0.272
 0.132  0.141  0.273
 0.133  0.142  0.274
 0.134  0.140  0.274
 0.135  0.140  0.275
 0.136  0.138  0.274
 0.137  0.137  0.274
 0.138  0.135  0.273
 0.139  0.134  0.273
 0.140  0.132  0.272
 0.141  0.132  0.273
 0.142  0.130  0.272
 0.143  0.130  0.273
 0.144  0.129  0.273
 0.144  0.130  0.274
 0.145  0.129  0.274
 0.146  0.130  0.276
 0.147  0.129  0.276
 0.148  0.130  0.278
 0.149  0.129  0.278
 0.150  0.130  0.279
 0.151  0.128  0.279
 0.152  0.128  0.280
 0.153  0.127  0.280
 0.154  0.127  0.280
 0.155  0.125  0.280
 0.156  0.125  0.280
 0.157  0.124  0.280
 0.157  0.124  0.281
 0.158  0.123  0.281
 0.159  0.123  0.282
 0.160  0.122  0.282
 0.161  0.122  0.283
 0.162  0.121  0.283
 0.162  0.122  0.284
 0.163  0.121  0.284
 0.164  0.121  0.285
 0.165  0.121  0.286
 0.166  0.121  0.287
 0.167  0.120  0.287
 0.168  0.120  0.288
 0.169  0.119  0.288
 0.169  0.119  0.289
 0.170  0.118  0.289
 0.171  0.118  0.289
 0.172  0.117  0.289
 0.173  0.117  0.290
 0.174  0.116  0.290
 0.174  0.116  0.291
 0.175  0.116  0.291
 0.176  0.116  0.292
 0.177  0.116  0.293
 0.178  0.116  0.294
 0.178  0.116  0.294
 0.179  0.116  0.295
 0.180  0.115  0.296
 0.181  0.115  0.296
 0.182  0.114  0.296
 0.183  0.113  0.296
 0.184  0.112  0.296
 0.184  0.112  0.296
 0.185  0.111  0.296
 0.186  0.112  0.297
 0.186  0.111  0.298
 0.187  0.112  0.299
 0.188  0.112  0.300
 0.189  0.112  0.301
 0.190  0.111  0.301
 0.191  0.111  0.301
 0.192  0.109  0.301
 0.192  0.109  0.301
 0.193  0.107  0.300
 0.194  0.106  0.300
 0.195  0.105  0.300
 0.195  0.105  0.300
 0.196  0.105  0.301
 0.197  0.105  0.301
 0.197  0.105  0.302
 0.198  0.105  0.303
 0.199  0.105  0.304
 0.199  0.105  0.305
 0.200  0.105  0.305
 0.201  0.105  0.306
 0.202  0.105  0.307
 0.203  0.105  0.308
 0.203  0.105  0.309
 0.204  0.106  0.310
 0.205  0.106  0.310
 0.206  0.106  0.311
 0.206  0.105  0.312
 0.207  0.105  0.312
 0.208  0.104  0.312
 0.209  0.103  0.312
 0.210  0.102  0.312
 0.210  0.102  0.312
 0.211  0.101  0.312
 0.212  0.100  0.312
 0.213  0.099  0.312
 0.213  0.099  0.312
 0.214  0.099  0.313
 0.214  0.099  0.313
 0.215  0.099  0.314
 0.216  0.099  0.315
 0.216  0.099  0.316
 0.217  0.099  0.316
 0.218  0.099  0.317
 0.219  0.099  0.317
 0.220  0.098  0.318
 0.220  0.098  0.318
 0.221  0.097  0.318
 0.222  0.096  0.318
 0.222  0.096  0.318
 0.223  0.095  0.318
 0.224  0.095  0.318
 0.224  0.095  0.319
 0.225  0.094  0.319
 0.225  0.095  0.320
 0.226  0.094  0.321
 0.227  0.095  0.321
 0.228  0.094  0.321
 0.228  0.094  0.322
 0.229  0.093  0.322
 0.230  0.093  0.322
 0.230  0.092  0.322
 0.231  0.092  0.323
 0.232  0.091  0.323
 0.232  0.091  0.324
 0.233  0.091  0.324
 0.234  0.091  0.324
 0.234  0.090  0.324
 0.235  0.089  0.324
 0.236  0.088  0.324
 0.236  0.088  0.324
 0.237  0.086  0.323
 0.238  0.086  0.324
 0.238  0.085  0.323
 0.239  0.085  0.324
 0.239  0.084  0.323
 0.240  0.085  0.324
 0.240  0.084  0.325
 0.241  0.085  0.326
 0.241  0.085  0.326
 0.242  0.086  0.327
 0.243  0.085  0.328
 0.243  0.086  0.329
 0.244  0.085  0.329
 0.244  0.086  0.330
 0.245  0.085  0.330
 0.246  0.086  0.331
 0.246  0.085  0.331
 0.247  0.085  0.332
 0.248  0.084  0.331
 0.248  0.084  0.332
 0.249  0.082  0.331
 0.249  0.083  0.332
 0.250  0.082  0.332
 0.250  0.082  0.333
 0.251  0.082  0.333
 0.251  0.082  0.334
 0.252  0.082  0.334
 0.253  0.083  0.335
 0.253  0.082  0.336
 0.254  0.083  0.337
 0.255  0.082  0.337
 0.255  0.082  0.337
 0.256  0.081  0.337
 0.256  0.081  0.337
 0.257  0.080  0.337
 0.257  0.080  0.338
 0.258  0.079  0.337
 0.259  0.079  0.338
 0.259  0.078  0.338
 0.260  0.079  0.339
 0.260  0.078  0.338
 0.261  0.079  0.340
 0.261  0.078  0.339
 0.262  0.078  0.340
 0.263  0.077  0.340
 0.263  0.077  0.340
 0.264  0.076  0.340
 0.264  0.076  0.341
 0.265  0.076  0.341
 0.265  0.076  0.341
 0.266  0.076  0.341
 0.266  0.076  0.342
 0.267  0.075  0.342
 0.267  0.076  0.343
 0.268  0.075  0.343
 0.268  0.075  0.343
 0.269  0.075  0.344
 0.269  0.075  0.344
 0.270  0.074  0.344
 0.271  0.074  0.345
 0.271  0.074  0.345
 0.272  0.074  0.346
 0.272  0.074  0.346
 0.273  0.074  0.347
 0.273  0.073  0.346
 0.274  0.073  0.347
 0.274  0.072  0.347
 0.275  0.073  0.347
 0.275  0.072  0.347
 0.276  0.072  0.348
 0.276  0.071  0.348
 0.277  0.071  0.348
 0.277  0.071  0.348
 0.278  0.071  0.349
 0.278  0.071  0.349
 0.279  0.071  0.349
 0.279  0.070  0.349
 0.280  0.070  0.350
 0.280  0.070  0.350
 0.281  0.070  0.350
 0.281  0.069  0.350
 0.282  0.069  0.351
 0.282  0.069  0.351
 0.283  0.069  0.352
 0.283  0.069  0.352
 0.284  0.069  0.353
 0.284  0.069  0.353
 0.285  0.069  0.354
 0.285  0.069  0.354
 0.286  0.069  0.355
 0.286  0.069  0.355
 0.287  0.069  0.356
 0.287  0.069  0.356
 0.288  0.069  0.356
 0.288  0.068  0.357
 0.289  0.069  0.357
 0.289  0.068  0.358
 0.289  0.069  0.358
 0.290  0.069  0.359
 0.290  0.069  0.359
 0.291  0.069  0.360
 0.291  0.069  0.360
 0.292  0.069  0.361
 0.292  0.068  0.361
 0.293  0.068  0.361
 0.294  0.067  0.361
 0.294  0.067  0.361
 0.294  0.066  0.361
 0.295  0.066  0.361
 0.295  0.066  0.362
 0.296  0.067  0.362
 0.296  0.067  0.363
 0.297  0.067  0.364
 0.297  0.067  0.364
 0.298  0.068  0.365
 0.298  0.068  0.366
 0.299  0.068  0.366
 0.299  0.067  0.366
 0.300  0.067  0.367
 0.300  0.066  0.367
 0.301  0.067  0.367
 0.301  0.066  0.367
 0.302  0.066  0.368
 0.302  0.065  0.367
 0.303  0.066  0.368
 0.303  0.065  0.368
 0.303  0.066  0.369
 0.304  0.065  0.369
 0.304  0.066  0.370
 0.305  0.065  0.370
 0.305  0.065  0.371
 0.306  0.065  0.370
 0.306  0.065  0.371
 0.307  0.064  0.371
 0.307  0.065  0.372
 0.308  0.064  0.372
 0.308  0.065  0.373
 0.309  0.064  0.372
 0.309  0.064  0.373
 0.310  0.062  0.372
 0.310  0.062  0.372
 0.310  0.061  0.372
 0.311  0.061  0.372
 0.311  0.060  0.372
 0.312  0.061  0.372
 0.312  0.060  0.372
 0.312  0.061  0.373
 0.313  0.061  0.374
 0.313  0.061  0.375
 0.314  0.061  0.375
 0.314  0.062  0.376
 0.315  0.062  0.376
 0.315  0.062  0.377
 0.315  0.062  0.377
 0.316  0.063  0.379
 0.316  0.063  0.379
 0.317  0.063  0.380
 0.317  0.063  0.380
 0.318  0.063  0.381
 0.318  0.063  0.381
 0.319  0.062  0.381
 0.319  0.062  0.381
 0.320  0.061  0.381
 0.320  0.060  0.380
 0.321  0.060  0.380
 0.321  0.059  0.380
 0.321  0.059  0.380
 0.322  0.059  0.381
 0.322  0.059  0.381
 0.322  0.059  0.381
 0.323  0.059  0.382
 0.323  0.059  0.382
 0.324  0.059  0.383
 0.324  0.059  0.384
 0.325  0.059  0.384
 0.325  0.060  0.385
 0.326  0.059  0.385
 0.326  0.059  0.385
 0.326  0.059  0.385
 0.327  0.058  0.385
 0.327  0.057  0.385
 0.328  0.057  0.384
 0.328  0.056  0.384
 0.328  0.056  0.384
 0.329  0.056  0.384
 0.329  0.055  0.385
 0.330  0.055  0.385
 0.330  0.055  0.385
 0.330  0.055  0.386
 0.331  0.056  0.386
 0.331  0.055  0.387
 0.331  0.055  0.387
 0.332  0.055  0.387
 0.332  0.055  0.387
 0.333  0.054  0.387
 0.333  0.054  0.387
 0.334  0.054  0.387
 0.334  0.054  0.388
 0.334  0.054  0.388
 0.335  0.054  0.389
 0.335  0.054  0.389
 0.335  0.054  0.389
 0.336  0.053  0.389
 0.336  0.053  0.389
 0.337  0.052  0.389
 0.337  0.052  0.389
 0.337  0.052  0.389
 0.338  0.053  0.390
 0.338  0.053  0.391
 0.338  0.053  0.392
 0.339  0.053  0.392
 0.339  0.054  0.393
 0.339  0.054  0.394
 0.340  0.055  0.395
 0.340  0.054  0.395
 0.341  0.055  0.395
 0.341  0.054  0.395
 0.341  0.054  0.396
 0.342  0.054  0.396
 0.342  0.054  0.396
 0.343  0.053  0.396
 0.343  0.053  0.396
 0.344  0.053  0.396
 0.344  0.053  0.397
 0.344  0.052  0.397
 0.344  0.053  0.397
 0.345  0.053  0.398
 0.345  0.053  0.398
 0.346  0.053  0.398
 0.346  0.053  0.399
 0.347  0.052  0.399
 0.347  0.052  0.399
 0.347  0.052  0.399
 0.348  0.052  0.399
 0.348  0.051  0.399
 0.348  0.050  0.399
 0.349  0.050  0.398
 0.349  0.049  0.398
 0.350  0.048  0.398
 0.350  0.048  0.398
 0.350  0.047  0.397
 0.350  0.047  0.397
 0.351  0.046  0.397
 0.351  0.046  0.397
 0.352  0.045  0.397
 0.352  0.045  0.397
 0.352  0.044  0.396
 0.352  0.044  0.397
 0.353  0.044  0.396
 0.353  0.044  0.397
 0.353  0.044  0.397
 0.353  0.045  0.398
 0.354  0.045  0.399
 0.354  0.046  0.400
 0.354  0.046  0.400
 0.355  0.046  0.401
 0.355  0.046  0.401
 0.355  0.046  0.401
 0.356  0.045  0.401
 0.356  0.044  0.401
 0.357  0.044  0.400
 0.357  0.043  0.400
 0.357  0.043  0.400
 0.357  0.043  0.400
 0.358  0.042  0.400
 0.358  0.042  0.400
 0.358  0.042  0.401
 0.358  0.043  0.401
 0.359  0.043  0.401
 0.359  0.043  0.402
 0.359  0.043  0.402
 0.360  0.043  0.402
 0.360  0.042  0.403
 0.360  0.043  0.403
 0.361  0.042  0.403
 0.361  0.043  0.403
 0.361  0.043  0.404
 0.361  0.043  0.404
 0.362  0.043  0.405
 0.362  0.043  0.405
 0.362  0.043  0.405
 0.363  0.043  0.405
 0.363  0.043  0.406
 0.363  0.043  0.406
 0.364  0.042  0.406
 0.364  0.042  0.406
 0.364  0.042  0.406
 0.364  0.042  0.406
 0.365  0.042  0.406
 0.365  0.042  0.407
 0.365  0.042  0.407
 0.365  0.042  0.408
 0.366  0.042  0.408
 0.366  0.043  0.409
 0.367  0.043  0.409
 0.367  0.043  0.410
 0.367  0.043  0.410
 0.367  0.043  0.410
 0.368  0.042  0.410
 0.368  0.042  0.410
 0.368  0.042  0.411
 0.369  0.043  0.411
 0.369  0.042  0.412
 0.369  0.043  0.412
 0.370  0.042  0.412
 0.370  0.042  0.412
 0.370  0.042  0.412
 0.370  0.042  0.413
 0.371  0.042  0.413
 0.371  0.042  0.413
 0.371  0.042  0.414
 0.372  0.042  0.414
 0.372  0.042  0.414
 0.372  0.042  0.414
 0.373  0.043  0.415
 0.373  0.042  0.415
 0.373  0.043  0.416
 0.373  0.043  0.416
 0.374  0.044  0.417
 0.374  0.044  0.418
 0.374  0.045  0.419
 0.374  0.046  0.420
 0.375  0.047  0.422
 0.375  0.048  0.423
 0.375  0.049  0.424
 0.376  0.049  0.425
 0.376  0.050  0.426
 0.376  0.050  0.426
 0.377  0.050  0.427
 0.377  0.049  0.427
 0.378  0.049  0.427
 0.378  0.048  0.426
 0.379  0.048  0.426
 0.379  0.047  0.426
 0.379  0.046  0.426
 0.380  0.046  0.425
 0.380  0.045  0.425
 0.380  0.045  0.425
 0.381  0.046  0.426
 0.381  0.046  0.426
 0.381  0.046  0.427
 0.381  0.046  0.427
 0.382  0.046  0.428
 0.382  0.046  0.428
 0.383  0.046  0.429
 0.383  0.046  0.428
 0.383  0.045  0.428
 0.383  0.045  0.428
 0.384  0.045  0.428
 0.384  0.044  0.428
 0.384  0.045  0.429
 0.384  0.045  0.429
 0.385  0.045  0.430
 0.385  0.045  0.430
 0.386  0.046  0.431
 0.386  0.045  0.431
 0.386  0.045  0.432
 0.387  0.045  0.432
 0.387  0.045  0.432
 0.387  0.045  0.432
 0.388  0.045  0.433
 0.388  0.045  0.433
 0.388  0.045  0.433
 0.389  0.045  0.433
 0.389  0.045  0.434
 0.389  0.045  0.434
 0.390  0.045  0.434
 0.390  0.044  0.434
 0.390  0.044  0.434
 0.391  0.044  0.434
 0.391  0.043  0.434
 0.391  0.043  0.434
 0.391  0.043  0.435
 0.392  0.043  0.435
 0.392  0.043  0.435
 0.392  0.043  0.436
 0.393  0.044  0.436
 0.393  0.043  0.436
 0.393  0.043  0.437
 0.394  0.043  0.436
 0.394  0.043  0.437
 0.394  0.042  0.436
 0.395  0.042  0.437
 0.395  0.042  0.437
 0.395  0.042  0.438
 0.395  0.042  0.437
 0.396  0.042  0.438
 0.396  0.042  0.438
 0.396  0.043  0.439
 0.397  0.042  0.439
 0.397  0.042  0.439
 0.397  0.042  0.439
 0.398  0.042  0.440
 0.398  0.042  0.440
 0.398  0.042  0.440
 0.398  0.042  0.440
 0.399  0.042  0.441
 0.399  0.042  0.441
 0.399  0.043  0.442
 0.400  0.042  0.442
 0.400  0.042  0.442
 0.400  0.042  0.442
 0.401  0.042  0.442
 0.401  0.041  0.442
 0.401  0.041  0.443
 0.401  0.041  0.442
 0.402  0.041  0.443
 0.402  0.041  0.443
 0.402  0.042  0.444
 0.402  0.042  0.444
 0.403  0.042  0.445
 0.403  0.042  0.445
 0.403  0.043  0.446
 0.404  0.042  0.446
 0.404  0.043  0.447
 0.404  0.043  0.447
 0.405  0.043  0.448
 0.405  0.043  0.448
 0.405  0.044  0.449
 0.405  0.043  0.449
 0.406  0.044  0.450
 0.406  0.044  0.450
 0.407  0.044  0.451
 0.407  0.044  0.451
 0.407  0.045  0.452
 0.407  0.045  0.452
 0.408  0.046  0.454
 0.408  0.046  0.454
 0.408  0.047  0.455
 0.409  0.047  0.455
 0.409  0.047  0.456
 0.409  0.046  0.456
 0.410  0.046  0.456
 0.410  0.045  0.456
 0.411  0.045  0.456
 0.411  0.044  0.455
 0.411  0.044  0.455
 0.411  0.044  0.455
 0.412  0.043  0.455
 0.412  0.043  0.455
 0.412  0.043  0.455
 0.413  0.043  0.455
 0.413  0.043  0.456
 0.413  0.043  0.456
 0.414  0.043  0.457
 0.414  0.043  0.457
 0.414  0.043  0.458
 0.414  0.043  0.458
 0.415  0.043  0.458
 0.415  0.043  0.458
 0.416  0.042  0.458
 0.416  0.042  0.458
 0.416  0.042  0.458
 0.416  0.041  0.457
 0.417  0.041  0.458
 0.417  0.040  0.457
 0.417  0.040  0.458
 0.418  0.040  0.457
 0.418  0.039  0.457
 0.418  0.038  0.456
 0.419  0.037  0.456
 0.419  0.036  0.455
 0.419  0.034  0.454
 0.420  0.033  0.452
 0.420  0.031  0.451
 0.420  0.028  0.448
 0.421  0.025  0.446
 0.421  0.022  0.443
 0.421  0.019  0.440
 0.421  0.015  0.437
 0.422  0.012  0.434
 0.422  0.009  0.431
 0.422  0.007  0.428
 0.422  0.005  0.427
 0.422  0.002  0.424
 0.422  0.001  0.423
 0.422 -0.002  0.420
 0.421 -0.004  0.418
 0.421 -0.006  0.415
 0.421 -0.007  0.413
 0.421 -0.010  0.411
 0.421 -0.011  0.410
 0.421 -0.013  0.408
 0.420 -0.013  0.407
 0.421 -0.015  0.406
 0.420 -0.016  0.405
 0.420 -0.017  0.403
 0.420 -0.018  0.402
 0.420 -0.020  0.400
 0.419 -0.020  0.399
 0.420 -0.022  0.397
 0.419 -0.023  0.396
 0.419 -0.026  0.394
 0.419 -0.027  0.392
 0.419 -0.029  0.390
 0.419 -0.031  0.388
 0.419 -0.034  0.385
 0.418 -0.035  0.383
 0.418 -0.038  0.380
 0.418 -0.040  0.377
 0.418 -0.043  0.374
 0.417 -0.046  0.372
 0.417 -0.049  0.369
 0.416 -0.051  0.366
 0.416 -0.053  0.363
 0.416 -0.055  0.361
 0.415 -0.056  0.359
 0.415 -0.058  0.357
 0.415 -0.059  0.355
 0.413 -0.059  0.354
 0.413 -0.062  0.351
 0.412 -0.062  0.351
 0.412 -0.064  0.348
 0.411 -0.063  0.348
 0.411 -0.066  0.345
 0.410 -0.064  0.345
 0.410 -0.067  0.343
 0.409 -0.066  0.343
 0.409 -0.068  0.341
 0.408 -0.067  0.341
 0.408 -0.069  0.339
 0.407 -0.068  0.339
 0.407 -0.070  0.337
 0.406 -0.069  0.337
 0.405 -0.072  0.334
 0.405 -0.071  0.334
 0.405 -0.074  0.331
 0.404 -0.073  0.331
 0.403 -0.076  0.328
 0.402 -0.075  0.328
 0.402 -0.078  0.325
 0.401 -0.076  0.325
 0.401 -0.079  0.322
 0.400 -0.078  0.322
 0.400 -0.081  0.319
 0.399 -0.080  0.319
 0.398 -0.082  0.316
 0.397 -0.081  0.317
 0.397 -0.083  0.314
 0.396 -0.081  0.315
 0.396 -0.084  0.312
 0.395 -0.082  0.313
 0.394 -0.084  0.310
 0.393 -0.083  0.311
 0.393 -0.085  0.308
 0.392 -0.084  0.309
 0.392 -0.086  0.306
 0.391 -0.085  0.306
 0.390 -0.087  0.303
 0.390 -0.086  0.304
 0.389 -0.088  0.301
 0.388 -0.087  0.301
 0.388 -0.090  0.298
 0.387 -0.089  0.298
 0.387 -0.092  0.294
 0.386 -0.092  0.294
 0.385 -0.095  0.290
 0.384 -0.095  0.290
 0.384 -0.098  0.285
 0.383 -0.099  0.284
 0.383 -0.103  0.280
 0.382 -0.103  0.278
 0.381 -0.108  0.273
 0.380 -0.108  0.272
 0.379 -0.113  0.266
 0.378 -0.114  0.264
 0.378 -0.119  0.259
 0.377 -0.120  0.257
 0.376 -0.124  0.252
 0.375 -0.125  0.250
 0.374 -0.130  0.244
 0.373 -0.130  0.243
 0.372 -0.134  0.238
 0.370 -0.134  0.237
 0.369 -0.137  0.232
 0.368 -0.136  0.232
 0.367 -0.139  0.228
 0.366 -0.137  0.229
 0.365 -0.139  0.226
 0.363 -0.136  0.227
 0.362 -0.138  0.224
 0.361 -0.135  0.226
 0.360 -0.137  0.223
 0.359 -0.134  0.225
 0.358 -0.136  0.222
 0.357 -0.133  0.224
 0.356 -0.134  0.221
 0.355 -0.132  0.223
 0.354 -0.134  0.220
 0.353 -0.132  0.221
 0.352 -0.133  0.219
 0.351 -0.132  0.219
 0.350 -0.134  0.216
 0.349 -0.132  0.217
 0.348 -0.135  0.213
 0.347 -0.133  0.214
 0.346 -0.136  0.210
 0.345 -0.135  0.210
 0.344 -0.138  0.207
 0.343 -0.136  0.206
 0.342 -0.139  0.203
 0.341 -0.138  0.203
 0.340 -0.140  0.200
 0.339 -0.139  0.200
 0.338 -0.141  0.197
 0.336 -0.139  0.197
 0.335 -0.141  0.194
 0.334 -0.140  0.194
 0.333 -0.142  0.191
 0.332 -0.141  0.191
 0.331 -0.142  0.188
 0.330 -0.141  0.189
 0.329 -0.142  0.186
 0.327 -0.141  0.186
 0.327 -0.143  0.184
 0.325 -0.141  0.184
 0.324 -0.143  0.181
 0.323 -0.142  0.181
 0.322 -0.143  0.179
 0.321 -0.142  0.178
 0.320 -0.144  0.176
 0.319 -0.143  0.176
 0.318 -0.145  0.173
 0.316 -0.144  0.173
 0.316 -0.146  0.170
 0.314 -0.145  0.169
 0.313 -0.147  0.167
 0.312 -0.146  0.166
 0.311 -0.148  0.163
 0.310 -0.148  0.162
 0.309 -0.150  0.159
 0.308 -0.150  0.158
 0.307 -0.152  0.155
 0.305 -0.151  0.154
 0.304 -0.153  0.151
 0.303 -0.152  0.151
 0.302 -0.153  0.149
 0.300 -0.152  0.148
 0.299 -0.153  0.146
 0.298 -0.152  0.146
 0.297 -0.154  0.143
 0.296 -0.153  0.143
 0.295 -0.154  0.140
 0.293 -0.154  0.140
 0.292 -0.155  0.137
 0.291 -0.154  0.136
 0.290 -0.156  0.134
 0.288 -0.155  0.134
 0.288 -0.156  0.131
 0.286 -0.155  0.131
 0.285 -0.156  0.129
 0.284 -0.155  0.128
 0.283 -0.157  0.126
 0.281 -0.156  0.126
 0.280 -0.157  0.123
 0.279 -0.156  0.123
 0.278 -0.157  0.121
 0.276 -0.156  0.121
 0.275 -0.157  0.118
 0.274 -0.156  0.118
 0.273 -0.157  0.116
 0.272 -0.156  0.116
 0.271 -0.157  0.113
 0.269 -0.156  0.113
 0.268 -0.157  0.111
 0.267 -0.156  0.111
 0.266 -0.157  0.108
 0.264 -0.156  0.108
 0.263 -0.157  0.106
 0.262 -0.156  0.106
 0.261 -0.157  0.104
 0.259 -0.156  0.104
 0.258 -0.157  0.102
 0.257 -0.156  0.101
 0.256 -0.157  0.099
 0.255 -0.156  0.099
 0.253 -0.157  0.097
 0.252 -0.155  0.097
 0.251 -0.156  0.095
 0.250 -0.155  0.094
 0.249 -0.156  0.092
 0.247 -0.155  0.092
 0.246 -0.156  0.090
 0.245 -0.154  0.090
 0.244 -0.155  0.089
 0.242 -0.154  0.089
 0.241 -0.155  0.087
 0.240 -0.153  0.087
 0.239 -0.154  0.085
 0.238 -0.152  0.085
 0.237 -0.153  0.083
 0.235 -0.152  0.083
 0.234 -0.153  0.082
 0.233 -0.151  0.082
 0.232 -0.152  0.080
 0.230 -0.150  0.080
 0.230 -0.151  0.078
 0.228 -0.150  0.079
 0.227 -0.150  0.077
 0.226 -0.149  0.077
 0.225 -0.149  0.076
 0.223 -0.148  0.076
 0.223 -0.149  0.074
 0.221 -0.147  0.074
 0.220 -0.148  0.072
 0.219 -0.147  0.072
 0.218 -0.148  0.070
 0.217 -0.146  0.070
 0.216 -0.147  0.069
 0.214 -0.146  0.069
 0.213 -0.147  0.067
 0.212 -0.145  0.067
 0.211 -0.146  0.065
 0.210 -0.145  0.065
 0.209 -0.147  0.063
 0.208 -0.145  0.062
 0.207 -0.147  0.060
 0.205 -0.146  0.060
 0.205 -0.147  0.058
 0.203 -0.146  0.057
 0.202 -0.147  0.055
 0.201 -0.146  0.055
 0.200 -0.147  0.053
 0.199 -0.146  0.052
 0.198 -0.148  0.050
 0.196 -0.147  0.050
 0.195 -0.148  0.047
 0.194 -0.147  0.047
 0.193 -0.148  0.045
 0.192 -0.147  0.045
 0.191 -0.148  0.043
 0.189 -0.147  0.042
 0.188 -0.148  0.040
 0.187 -0.147  0.039
 0.186 -0.149  0.038
 0.185 -0.148  0.037
 0.184 -0.149  0.035
 0.182 -0.148  0.035
 0.181 -0.149  0.033
 0.180 -0.147  0.033
 0.179 -0.148  0.031
 0.178 -0.147  0.031
 0.177 -0.148  0.029
 0.175 -0.147  0.028
 0.175 -0.148  0.027
 0.173 -0.147  0.026
 0.172 -0.148  0.024
 0.171 -0.147  0.024
 0.170 -0.148  0.022
 0.169 -0.147  0.021
 0.168 -0.148  0.019
 0.166 -0.147  0.019
 0.165 -0.148  0.017
 0.164 -0.147  0.017
 0.163 -0.148  0.015
 0.162 -0.146  0.015
 0.161 -0.147  0.013
 0.159 -0.146  0.013
 0.158 -0.147  0.011
 0.157 -0.146  0.011
 0.156 -0.147  0.010
 0.155 -0.145  0.009
 0.154 -0.146  0.008
 0.152 -0.145  0.007
 0.152 -0.146  0.005
 0.150 -0.145  0.005
 0.149 -0.146  0.003
 0.148 -0.145  0.003
 0.147 -0.146  0.001
 0.145 -0.145  0.000
 0.145 -0.146 -0.002
 0.143 -0.145 -0.002
 0.143 -0.146 -0.004
 0.141 -0.146 -0.005
 0.140 -0.147 -0.007
 0.139 -0.146 -0.007
 0.138 -0.147 -0.009
 0.136 -0.146 -0.010
 0.136 -0.147 -0.012
 0.134 -0.147 -0.012
 0.133 -0.148 -0.014
 0.132 -0.147 -0.015
 0.131 -0.148 -0.017
 0.129 -0.147 -0.018
 0.129 -0.148 -0.019
 0.127 -0.147 -0.020
 0.126 -0.148 -0.022
 0.125 -0.148 -0.023
 0.124 -0.149 -0.025
 0.122 -0.148 -0.026
 0.122 -0.149 -0.027
 0.120 -0.148 -0.028
 0.119 -0.150 -0.030
 0.118 -0.149 -0.031
 0.117 -0.150 -0.033
 0.115 -0.149 -0.034
 0.115 -0.150 -0.036
 0.113 -0.150 -0.037
 0.112 -0.151 -0.038
 0.111 -0.150 -0.039
 0.110 -0.151 -0.041
 0.108 -0.150 -0.042
 0.108 -0.151 -0.044
 0.106 -0.150 -0.044
 0.105 -0.151 -0.046
 0.103 -0.150 -0.047
 0.103 -0.151 -0.048
 0.101 -0.150 -0.049
 0.100 -0.151 -0.051
 0.099 -0.150 -0.052
 0.098 -0.151 -0.053
 0.096 -0.151 -0.054
 0.096 -0.152 -0.056
 0.094 -0.151 -0.057
 0.093 -0.152 -0.058
 0.092 -0.151 -0.059
 0.091 -0.152 -0.061
 0.089 -0.151 -0.062
 0.089 -0.152 -0.063
 0.087 -0.151 -0.064
 0.086 -0.152 -0.066
 0.085 -0.152 -0.067
 0.084 -0.153 -0.069
 0.082 -0.153 -0.070
 0.081 -0.154 -0.072
 0.080 -0.153 -0.073
 0.079 -0.154 -0.075
 0.077 -0.154 -0.077
 0.077 -0.155 -0.079
 0.075 -0.155 -0.080
 0.074 -0.156 -0.082
 0.073 -0.156 -0.083
 0.072 -0.157 -0.085
 0.070 -0.157 -0.086
 0.069 -0.158 -0.088
 0.068 -0.157 -0.090
 0.067 -0.158 -0.091
 0.065 -0.158 -0.093
 0.064 -0.159 -0.095
 0.063 -0.158 -0.096
 0.062 -0.160 -0.098
 0.060 -0.159 -0.099
 0.059 -0.161 -0.101
 0.058 -0.161 -0.103
 0.057 -0.162 -0.105
 0.055 -0.162 -0.107
 0.054 -0.163 -0.109
 0.053 -0.163 -0.111
 0.052 -0.165 -0.113
 0.050 -0.165 -0.115
 0.049 -0.166 -0.117
 0.048 -0.166 -0.119
 0.047 -0.168 -0.121
 0.045 -0.168 -0.123
 0.044 -0.169 -0.125
 0.042 -0.169 -0.127
 0.041 -0.170 -0.129
 0.039 -0.170 -0.130
 0.039 -0.171 -0.133
 0.037 -0.171 -0.134
 0.036 -0.172 -0.136
 0.034 -0.172 -0.138
 0.033 -0.173 -0.140
 0.031 -0.173 -0.142
 0.030 -0.174 -0.144
 0.029 -0.174 -0.146
 0.028 -0.176 -0.148
 0.026 -0.176 -0.150
 0.025 -0.177 -0.152
 0.023 -0.177 -0.154
 0.022 -0.179 -0.156
 0.020 -0.179 -0.158
 0.020 -0.180 -0.161
 0.018 -0.180 -0.163
 0.017 -0.182 -0.165
 0.015 -0.182 -0.167
 0.014 -0.183 -0.169
 0.012 -0.183 -0.171
 0.011 -0.184 -0.173
 0.009 -0.185 -0.176
 0.008 -0.186 -0.178
 0.006 -0.186 -0.180
 0.005 -0.188 -0.183
 0.003 -0.188 -0.185
 0.002 -0.190 -0.188
 0.000 -0.190 -0.190
-0.001 -0.192 -0.192
-0.003 -0.192 -0.195
-0.004 -0.193 -0.197
-0.006 -0.193 -0.199
-0.007 -0.195 -0.202
-0.009 -0.195 -0.204
-0.010 -0.196 -0.206
-0.012 -0.196 -0.208
-0.013 -0.197 -0.210
-0.015 -0.197 -0.212
-0.016 -0.198 -0.214
-0.018 -0.198 -0.216
-0.019 -0.199 -0.218
-0.021 -0.199 -0.220
-0.022 -0.200 -0.222
-0.024 -0.200 -0.224
-0.025 -0.201 -0.226
-0.028 -0.201 -0.228
-0.028 -0.202 -0.230
-0.031 -0.202 -0.233
-0.031 -0.203 -0.235
-0.034 -0.204 -0.237
-0.035 -0.205 -0.240
-0.037 -0.205 -0.242
-0.038 -0.207 -0.245
-0.040 -0.208 -0.247
-0.041 -0.209 -0.250
-0.043 -0.210 -0.253
-0.044 -0.212 -0.256
-0.046 -0.213 -0.259
-0.047 -0.215 -0.262
-0.050 -0.216 -0.265
-0.051 -0.218 -0.268
-0.053 -0.218 -0.271
-0.054 -0.220 -0.274
-0.056 -0.221 -0.277
-0.058 -0.223 -0.280
-0.060 -0.223 -0.283
-0.061 -0.225 -0.286
-0.064 -0.225 -0.288
-0.065 -0.226 -0.291
-0.067 -0.226 -0.293
-0.069 -0.227 -0.296
-0.071 -0.227 -0.298
-0.072 -0.228 -0.300
-0.075 -0.227 -0.302
-0.076 -0.228 -0.304
-0.078 -0.227 -0.306
-0.080 -0.228 -0.307
-0.082 -0.227 -0.309
-0.083 -0.227 -0.311
-0.086 -0.227 -0.312
-0.087 -0.227 -0.314
-0.089 -0.226 -0.315
-0.090 -0.227 -0.317
-0.093 -0.226 -0.318
-0.094 -0.226 -0.320
-0.096 -0.226 -0.322
-0.097 -0.226 -0.324
-0.100 -0.226 -0.325
-0.101 -0.226 -0.327
-0.103 -0.225 -0.329
-0.104 -0.226 -0.330
-0.107 -0.226 -0.332
-0.108 -0.226 -0.334
-0.110 -0.226 -0.336
-0.111 -0.227 -0.338
-0.114 -0.226 -0.340
-0.115 -0.227 -0.342
-0.117 -0.226 -0.344
-0.119 -0.227 -0.346
-0.121 -0.227 -0.347
-0.122 -0.227 -0.349
-0.124 -0.227 -0.351
-0.126 -0.227 -0.353
-0.128 -0.227 -0.355
-0.129 -0.227 -0.357
-0.131 -0.227 -0.358
-0.133 -0.227 -0.360
-0.135 -0.226 -0.361
-0.136 -0.226 -0.363
-0.139 -0.225 -0.364
-0.140 -0.225 -0.365
-0.142 -0.225 -0.367
-0.143 -0.224 -0.368
-0.146 -0.224 -0.369
-0.147 -0.223 -0.370
-0.149 -0.222 -0.372
-0.151 -0.222 -0.373
-0.153 -0.221 -0.374
-0.154 -0.221 -0.375
-0.156 -0.219 -0.375
-0.159 -0.219 -0.378
-0.160 -0.217 -0.377
-0.162 -0.216 -0.378
-0.164 -0.215 -0.379
-0.165 -0.215 -0.380
-0.167 -0.213 -0.380
-0.168 -0.213 -0.381
-0.171 -0.211 -0.382
-0.172 -0.211 -0.382
-0.174 -0.209 -0.383
-0.175 -0.209 -0.384
-0.177 -0.208 -0.385
-0.178 -0.208 -0.386
-0.180 -0.207 -0.387
-0.181 -0.208 -0.389
-0.183 -0.207 -0.390
-0.184 -0.208 -0.392
-0.186 -0.207 -0.393
-0.187 -0.207 -0.395
-0.189 -0.207 -0.396
-0.191 -0.207 -0.398
-0.193 -0.207 -0.400
-0.194 -0.208 -0.402
-0.196 -0.207 -0.403
-0.197 -0.208 -0.405
-0.199 -0.208 -0.407
-0.200 -0.208 -0.409
-0.202 -0.208 -0.410
-0.204 -0.208 -0.412
-0.206 -0.208 -0.413
-0.207 -0.208 -0.415
-0.209 -0.208 -0.417
-0.210 -0.208 -0.419
-0.212 -0.207 -0.420
-0.214 -0.208 -0.422
-0.216 -0.207 -0.423
-0.217 -0.208 -0.425
-0.219 -0.207 -0.426
-0.220 -0.208 -0.428
-0.222 -0.207 -0.429
-0.223 -0.208 -0.431
-0.225 -0.208 -0.433
-0.227 -0.208 -0.435
-0.228 -0.208 -0.436
-0.230 -0.209 -0.439
-0.232 -0.209 -0.440
-0.233 -0.209 -0.442
-0.235 -0.209 -0.444
-0.236 -0.210 -0.446
-0.238 -0.210 -0.448
-0.239 -0.211 -0.450
-0.241 -0.211 -0.452
-0.243 -0.211 -0.454
-0.245 -0.211 -0.456
-0.246 -0.212 -0.458
-0.248 -0.211 -0.459
-0.250 -0.212 -0.461
-0.252 -0.211 -0.463
-0.253 -0.211 -0.464
-0.255 -0.210 -0.465
-0.256 -0.210 -0.467
-0.258 -0.210 -0.468
-0.260 -0.210 -0.469
-0.262 -0.209 -0.471
-0.263 -0.209 -0.472
-0.265 -0.208 -0.473
-0.266 -0.208 -0.474
-0.268 -0.207 -0.475
-0.270 -0.207 -0.476
-0.272 -0.205 -0.477
-0.273 -0.205 -0.478
-0.275 -0.204 -0.479
-0.276 -0.204 -0.480
-0.278 -0.203 -0.481
-0.279 -0.203 -0.482
-0.281 -0.202 -0.483
-0.282 -0.201 -0.484
-0.284 -0.200 -0.485
-0.285 -0.200 -0.486
-0.287 -0.199 -0.486
-0.289 -0.199 -0.487
-0.290 -0.198 -0.488
-0.292 -0.197 -0.489
-0.294 -0.196 -0.490
-0.295 -0.196 -0.491
-0.297 -0.195 -0.492
-0.298 -0.195 -0.493
-0.300 -0.194 -0.493
-0.301 -0.193 -0.494
-0.303 -0.192 -0.495
-0.304 -0.192 -0.496
-0.306 -0.191 -0.497
-0.307 -0.191 -0.498
-0.309 -0.190 -0.498
-0.310 -0.189 -0.499
-0.312 -0.188 -0.500
-0.313 -0.188 -0.501
-0.315 -0.187 -0.502
-0.316 -0.187 -0.503
-0.318 -0.186 -0.504
-0.319 -0.186 -0.505
-0.320 -0.186 -0.506
-0.322 -0.185 -0.507
-0.323 -0.185 -0.508
-0.325 -0.185 -0.509
-0.326 -0.184 -0.510
-0.327 -0.184 -0.511
-0.329 -0.183 -0.512
-0.330 -0.183 -0.513
-0.332 -0.183 -0.515
-0.333 -0.182 -0.516
-0.335 -0.182 -0.516
-0.336 -0.181 -0.517
-0.338 -0.181 -0.518
-0.339 -0.181 -0.519
-0.340 -0.180 -0.521
-0.342 -0.180 -0.522
-0.343 -0.180 -0.523
-0.344 -0.180 -0.524
-0.346 -0.179 -0.525
-0.347 -0.179 -0.526
-0.349 -0.179 -0.527
-0.350 -0.179 -0.529
-0.352 -0.178 -0.530
-0.353 -0.178 -0.531
-0.355 -0.177 -0.532
-0.356 -0.177 -0.533
-0.357 -0.176 -0.534
-0.359 -0.176 -0.535
-0.360 -0.175 -0.535
-0.361 -0.175 -0.536
-0.363 -0.174 -0.537
-0.364 -0.174 -0.538
-0.366 -0.173 -0.539
-0.367 -0.173 -0.540
-0.368 -0.172 -0.540
-0.370 -0.172 -0.541
-0.371 -0.170 -0.541
-0.372 -0.170 -0.542
-0.374 -0.169 -0.542
-0.375 -0.168 -0.543
-0.376 -0.167 -0.543
-0.378 -0.166 -0.544
-0.379 -0.165 -0.545
-0.380 -0.165 -0.545
-0.382 -0.164 -0.546
-0.383 -0.164 -0.547
-0.384 -0.163 -0.547
-0.385 -0.163 -0.548
-0.387 -0.162 -0.549
-0.388 -0.162 -0.550
-0.389 -0.161 -0.550
-0.390 -0.161 -0.552
-0.392 -0.161 -0.552
-0.393 -0.161 -0.553
-0.394 -0.160 -0.554
-0.395 -0.160 -0.556
-0.397 -0.160 -0.556
-0.398 -0.160 -0.558
-0.399 -0.159 -0.559
-0.400 -0.160 -0.560
-0.402 -0.159 -0.561
-0.403 -0.159 -0.562
-0.404 -0.159 -0.563
-0.405 -0.159 -0.564
-0.407 -0.158 -0.565
-0.408 -0.158 -0.566
-0.409 -0.157 -0.566
-0.410 -0.157 -0.567
-0.412 -0.156 -0.568
-0.413 -0.156 -0.569
-0.414 -0.156 -0.570
-0.415 -0.155 -0.571
-0.417 -0.155 -0.571
-0.418 -0.155 -0.572
-0.419 -0.154 -0.573
-0.420 -0.154 -0.574
-0.421 -0.154 -0.575
-0.422 -0.154 -0.576
-0.424 -0.153 -0.577
-0.425 -0.153 -0.578
-0.426 -0.153 -0.579
-0.427 -0.153 -0.580
-0.429 -0.153 -0.581
-0.430 -0.153 -0.582
-0.431 -0.153 -0.584
-0.432 -0.153 -0.585
-0.433 -0.152 -0.586
-0.434 -0.152 -0.587
-0.436 -0.152 -0.588
-0.437 -0.152 -0.589
-0.438 -0.151 -0.590
-0.439 -0.151 -0.590
-0.441 -0.151 -0.591
-0.442 -0.150 -0.592
-0.443 -0.150 -0.593
-0.444 -0.150 -0.594
-0.445 -0.149 -0.594
-0.446 -0.149 -0.595
-0.448 -0.148 -0.596
-0.449 -0.148 -0.597
-0.450 -0.147 -0.598
-0.451 -0.147 -0.598
-0.452 -0.147 -0.599
-0.453 -0.147 -0.600
-0.455 -0.147 -0.601
-0.456 -0.147 -0.602
-0.457 -0.146 -0.603
-0.458 -0.146 -0.604
-0.459 -0.146 -0.605
-0.460 -0.146 -0.606
-0.462 -0.146 -0.607
-0.462 -0.146 -0.608
-0.464 -0.146 -0.610
-0.465 -0.146 -0.611
-0.466 -0.146 -0.612
-0.467 -0.147 -0.613
-0.468 -0.147 -0.615
-0.469 -0.147 -0.616
-0.471 -0.147 -0.617
-0.471 -0.147 -0.619
-0.473 -0.147 -0.620
-0.474 -0.148 -0.622
-0.475 -0.148 -0.623
-0.476 -0.148 -0.624
-0.478 -0.148 -0.625
-0.478 -0.148 -0.627
-0.480 -0.148 -0.628
-0.481 -0.149 -0.630
-0.482 -0.149 -0.631
-0.483 -0.149 -0.632
-0.484 -0.149 -0.634
-0.485 -0.149 -0.635
-0.487 -0.149 -0.636
-0.488 -0.149 -0.637
-0.489 -0.149 -0.638
-0.490 -0.149 -0.639
-0.492 -0.148 -0.640
-0.493 -0.148 -0.641
-0.494 -0.148 -0.642
-0.495 -0.148 -0.643
-0.496 -0.147 -0.644
-0.497 -0.147 -0.645
-0.499 -0.147 -0.645
-0.500 -0.147 -0.646
-0.501 -0.146 -0.647
-0.502 -0.146 -0.648
-0.503 -0.146 -0.649
-0.504 -0.146 -0.650
-0.506 -0.145 -0.651
-0.507 -0.145 -0.652
-0.508 -0.144 -0.652
-0.509 -0.144 -0.653
-0.510 -0.144 -0.654
-0.511 -0.143 -0.655
-0.513 -0.143 -0.655
-0.513 -0.143 -0.656
-0.515 -0.142 -0.657
-0.516 -0.142 -0.657
-0.517 -0.141 -0.658
-0.518 -0.140 -0.658
-0.519 -0.140 -0.659
-0.520 -0.139 -0.660
-0.521 -0.139 -0.660
-0.522 -0.139 -0.661
-0.524 -0.138 -0.661
-0.524 -0.138 -0.662
-0.526 -0.137 -0.663
-0.527 -0.137 -0.664
-0.528 -0.137 -0.664
-0.529 -0.137 -0.665
-0.530 -0.136 -0.666
-0.531 -0.136 -0.667
-0.532 -0.136 -0.668
-0.533 -0.136 -0.669
-0.534 -0.135 -0.669
-0.535 -0.135 -0.670
-0.536 -0.135 -0.671
-0.537 -0.135 -0.672
-0.539 -0.134 -0.673
-0.539 -0.135 -0.674
-0.541 -0.134 -0.675
-0.541 -0.134 -0.676
-0.543 -0.134 -0.676
-0.544 -0.134 -0.677
-0.545 -0.133 -0.678
-0.546 -0.134 -0.679
-0.547 -0.133 -0.680
-0.548 -0.133 -0.681
-0.549 -0.133 -0.682
-0.550 -0.132 -0.682
-0.551 -0.132 -0.683
-0.552 -0.131 -0.684
-0.553 -0.131 -0.684
-0.554 -0.130 -0.685
-0.555 -0.129 -0.685
-0.556 -0.129 -0.685
-0.558 -0.128 -0.686
-0.558 -0.128 -0.686
-0.560 -0.127 -0.687
-0.560 -0.127 -0.688
-0.561 -0.127 -0.688
-0.562 -0.127 -0.689
-0.563 -0.126 -0.690
-0.564 -0.127 -0.691
-0.565 -0.126 -0.692
-0.566 -0.126 -0.692
-0.567 -0.126 -0.693
-0.568 -0.126 -0.694
-0.569 -0.125 -0.695
-0.570 -0.125 -0.695
-0.571 -0.125 -0.696
-0.572 -0.125 -0.697
-0.573 -0.124 -0.698
-0.574 -0.124 -0.698
-0.575 -0.124 -0.699
-0.576 -0.124 -0.700
-0.577 -0.123 -0.700
-0.578 -0.123 -0.701
-0.579 -0.122 -0.702
-0.580 -0.122 -0.702
-0.581 -0.121 -0.703
-0.582 -0.121 -0.703
-0.583 -0.121 -0.704
-0.584 -0.121 -0.705
-0.585 -0.120 -0.705
-0.586 -0.120 -0.706
-0.587 -0.119 -0.706
-0.588 -0.119 -0.707
-0.589 -0.119 -0.708
-0.589 -0.119 -0.708
-0.591 -0.118 -0.709
-0.591 -0.118 -0.710
-0.593 -0.118 -0.710
-0.593 -0.118 -0.711
-0.594 -0.117 -0.712
-0.595 -0.118 -0.713
-0.596 -0.117 -0.713
-0.597 -0.117 -0.714
-0.598 -0.117 -0.715
-0.599 -0.117 -0.715
-0.600 -0.116 -0.716
-0.601 -0.116 -0.717
-0.602 -0.115 -0.717
-0.602 -0.116 -0.718
-0.604 -0.115 -0.719
-0.604 -0.115 -0.719
-0.606 -0.114 -0.720
-0.606 -0.115 -0.721
-0.607 -0.114 -0.721
-0.608 -0.114 -0.722
-0.609 -0.113 -0.722
-0.610 -0.113 -0.723
-0.611 -0.112 -0.723
-0.611 -0.112 -0.724
-0.613 -0.112 -0.724
-0.613 -0.112 -0.725
-0.614 -0.111 -0.725
-0.615 -0.111 -0.726
-0.616 -0.110 -0.727
-0.617 -0.111 -0.727
-0.618 -0.110 -0.728
-0.618 -0.110 -0.728
-0.620 -0.109 -0.729
-0.620 -0.110 -0.730
-0.621 -0.109 -0.730
-0.622 -0.109 -0.731
-0.623 -0.108 -0.732
-0.624 -0.109 -0.732
-0.625 -0.108 -0.733
-0.625 -0.108 -0.733
-0.627 -0.107 -0.734
-0.627 -0.107 -0.734
-0.628 -0.106 -0.734
-0.629 -0.106 -0.735
-0.630 -0.105 -0.735
-0.630 -0.105 -0.736
-0.632 -0.105 -0.736
-0.632 -0.105 -0.737
-0.633 -0.104 -0.737
-0.634 -0.105 -0.738
-0.635 -0.104 -0.739
-0.635 -0.104 -0.740
-0.636 -0.104 -0.740
-0.637 -0.104 -0.741
-0.638 -0.104 -0.742
-0.639 -0.104 -0.742
-0.640 -0.103 -0.743
-0.640 -0.103 -0.744
-0.641 -0.103 -0.744
-0.642 -0.103 -0.745
-0.643 -0.103 -0.746
-0.644 -0.103 -0.746
-0.645 -0.102 -0.747
-0.645 -0.102 -0.747
-0.646 -0.101 -0.748
-0.647 -0.101 -0.748
-0.648 -0.101 -0.749
-0.649 -0.101 -0.749
-0.650 -0.100 -0.749
-0.650 -0.100 -0.750
-0.651 -0.099 -0.750
-0.652 -0.099 -0.751
-0.653 -0.099 -0.751
-0.653 -0.099 -0.752
-0.654 -0.098 -0.752
-0.655 -0.098 -0.753
-0.656 -0.098 -0.754
-0.656 -0.098 -0.754
-0.657 -0.098 -0.755
-0.658 -0.098 -0.755
-0.659 -0.097 -0.756
-0.659 -0.097 -0.757
-0.660 -0.097 -0.758
-0.661 -0.098 -0.758
-0.662 -0.098 -0.759
-0.662 -0.098 -0.760
-0.663 -0.098 -0.761
-0.664 -0.098 -0.762
-0.665 -0.098 -0.763
-0.665 -0.099 -0.764
-0.666 -0.099 -0.765
-0.667 -0.099 -0.766
-0.668 -0.099 -0.767
-0.669 -0.099 -0.768
-0.670 -0.099 -0.768
-0.670 -0.099 -0.769
-0.671 -0.098 -0.770
-0.672 -0.098 -0.770
-0.673 -0.098 -0.771
-0.673 -0.098 -0.772
-0.674 -0.098 -0.772
-0.675 -0.098 -0.773
-0.676 -0.098 -0.773
-0.677 -0.097 -0.774
-0.677 -0.097 -0.774
-0.678 -0.096 -0.775
-0.679 -0.096 -0.775
-0.680 -0.096 -0.775
-0.681 -0.095 -0.776
-0.681 -0.095 -0.776
-0.682 -0.095 -0.777
-0.683 -0.095 -0.777
-0.683 -0.095 -0.778
-0.684 -0.095 -0.779
-0.685 -0.095 -0.780
-0.686 -0.094 -0.780
-0.686 -0.094 -0.781
-0.687 -0.094 -0.781
-0.688 -0.094 -0.782
-0.689 -0.094 -0.782
-0.690 -0.093 -0.783
-0.690 -0.093 -0.783
-0.691 -0.093 -0.784
-0.692 -0.092 -0.784
-0.693 -0.091 -0.784
-0.693 -0.091 -0.784
-0.694 -0.090 -0.784
-0.695 -0.089 -0.784
-0.696 -0.089 -0.784
-0.696 -0.088 -0.784
-0.697 -0.087 -0.784
-0.698 -0.086 -0.784
-0.698 -0.086 -0.784
-0.699 -0.085 -0.784
-0.700 -0.084 -0.784
-0.700 -0.083 -0.784
-0.701 -0.083 -0.784
-0.702 -0.082 -0.784
-0.702 -0.082 -0.784
-0.703 -0.082 -0.785
-0.703 -0.082 -0.785
-0.704 -0.081 -0.785
-0.705 -0.081 -0.786
-0.705 -0.081 -0.786
-0.706 -0.080 -0.786
-0.707 -0.080 -0.787
-0.707 -0.080 -0.787
-0.708 -0.079 -0.787
-0.709 -0.078 -0.787
-0.709 -0.078 -0.787
-0.710 -0.077 -0.787
-0.711 -0.076 -0.787
-0.711 -0.076 -0.787
-0.712 -0.074 -0.786
-0.713 -0.073 -0.786
-0.713 -0.072 -0.785
-0.714 -0.071 -0.785
-0.714 -0.070 -0.784
-0.715 -0.068 -0.783
-0.716 -0.067 -0.782
-0.716 -0.066 -0.782
-0.717 -0.064 -0.781
-0.717 -0.063 -0.781
-0.718 -0.062 -0.780
-0.718 -0.061 -0.779
-0.718 -0.060 -0.779
-0.719 -0.060 -0.779
-0.719 -0.059 -0.778
-0.720 -0.058 -0.778
-0.720 -0.057 -0.778
-0.721 -0.057 -0.778
-0.721 -0.056 -0.777
-0.722 -0.056 -0.778
-0.722 -0.055 -0.777
-0.723 -0.054 -0.777
-0.723 -0.054 -0.777
-0.724 -0.053 -0.776
-0.724 -0.052 -0.776
-0.724 -0.051 -0.775
-0.725 -0.050 -0.774
-0.725 -0.049 -0.774
-0.726 -0.047 -0.773
-0.726 -0.046 -0.773
-0.726 -0.045 -0.771
-0.727 -0.044 -0.771
-0.727 -0.042 -0.770
-0.728 -0.041 -0.769
-0.728 -0.040 -0.768
-0.728 -0.039 -0.767
-0.729 -0.037 -0.766
-0.729 -0.036 -0.765
-0.729 -0.035 -0.764
-0.730 -0.034 -0.763
-0.730 -0.032 -0.762
-0.730 -0.032 -0.762
-0.730 -0.030 -0.760
-0.731 -0.030 -0.760
-0.730 -0.029 -0.759
-0.731 -0.028 -0.759
-0.731 -0.027 -0.758
-0.731 -0.027 -0.758
-0.731 -0.026 -0.757
-0.732 -0.026 -0.758
-0.732 -0.025 -0.757
-0.732 -0.025 -0.757
-0.732 -0.024 -0.756
-0.733 -0.024 -0.756
-0.732 -0.023 -0.755
-0.733 -0.022 -0.755
-0.733 -0.021 -0.754
-0.734 -0.021 -0.754
-0.733 -0.020 -0.753
-0.734 -0.019 -0.753
-0.734 -0.018 -0.751
-0.734 -0.017 -0.751
-0.734 -0.015 -0.749
-0.735 -0.014 -0.749
-0.734 -0.012 -0.747
-0.735 -0.011 -0.746
-0.735 -0.009 -0.744
-0.735 -0.007 -0.743
-0.735 -0.005 -0.740
-0.736 -0.003 -0.739
-0.735 -0.001 -0.737
-0.736  0.000 -0.735
-0.735  0.002 -0.733
-0.736  0.004 -0.732
-0.735  0.006 -0.729
-0.735  0.007 -0.728
-0.735  0.009 -0.726
-0.735  0.010 -0.725
-0.735  0.012 -0.723
-0.735  0.013 -0.722
-0.734  0.014 -0.720
-0.735  0.015 -0.720
-0.734  0.016 -0.718
-0.734  0.017 -0.718
-0.734  0.018 -0.716
-0.734  0.019 -0.716
-0.733  0.019 -0.714
-0.734  0.021 -0.713
-0.733  0.022 -0.711
-0.734  0.023 -0.711
-0.733  0.024 -0.709
-0.733  0.025 -0.708
-0.733  0.026 -0.707
-0.733  0.027 -0.706
-0.732  0.028 -0.704
-0.733  0.030 -0.703
-0.732  0.031 -0.701
-0.732  0.033 -0.699
-0.732  0.035 -0.697
-0.732  0.037 -0.695
-0.731  0.039 -0.693
-0.732  0.041 -0.691
-0.731  0.043 -0.688
-0.731  0.045 -0.686
-0.730  0.047 -0.684
-0.730  0.049 -0.681
-0.730  0.051 -0.679
-0.730  0.053 -0.677
-0.729  0.055 -0.674
-0.729  0.057 -0.672
-0.728  0.059 -0.669
-0.728  0.061 -0.667
-0.727  0.063 -0.664
-0.727  0.065 -0.662
-0.726  0.067 -0.660
-0.726  0.069 -0.657
-0.725  0.070 -0.655
-0.725  0.073 -0.652
-0.724  0.074 -0.650
-0.724  0.077 -0.647
-0.723  0.078 -0.645
-0.723  0.081 -0.642
-0.722  0.082 -0.639
-0.722  0.085 -0.637
-0.721  0.087 -0.634
-0.720  0.089 -0.631
-0.719  0.091 -0.628
-0.719  0.094 -0.625
-0.718  0.096 -0.622
-0.718  0.099 -0.619
-0.717  0.101 -0.615
-0.716  0.104 -0.612
-0.715  0.107 -0.609
-0.715  0.110 -0.605
-0.714  0.112 -0.602
-0.713  0.115 -0.599
-0.712  0.117 -0.595
-0.711  0.120 -0.592
-0.710  0.122 -0.588
-0.710  0.125 -0.585
-0.708  0.127 -0.581
-0.708  0.130 -0.577
-0.706  0.132 -0.574
-0.705  0.135 -0.570
-0.704  0.136 -0.567
-0.703  0.139 -0.564
-0.702  0.140 -0.561
-0.701  0.142 -0.559
-0.699  0.143 -0.556
-0.698  0.144 -0.554
-0.697  0.145 -0.552
-0.696  0.146 -0.550
-0.695  0.147 -0.548
-0.694  0.147 -0.546
-0.692  0.148 -0.544
-0.692  0.149 -0.543
-0.690  0.149 -0.541
-0.689  0.150 -0.539
-0.688  0.151 -0.537
-0.687  0.152 -0.535
-0.686  0.152 -0.533
-0.685  0.154 -0.531
-0.683  0.154 -0.529
-0.683  0.156 -0.527
-0.681  0.157 -0.525
-0.680  0.158 -0.522
-0.679  0.159 -0.520
-0.678  0.160 -0.518
-0.677  0.162 -0.515
-0.676  0.163 -0.512
-0.674  0.164 -0.510
-0.673  0.166 -0.507
-0.672  0.167 -0.504
-0.670  0.168 -0.502
-0.669  0.169 -0.500
-0.668  0.170 -0.498
-0.666  0.171 -0.496
-0.665  0.171 -0.494
-0.663  0.171 -0.492
-0.662  0.172 -0.491
-0.661  0.172 -0.489
-0.660  0.172 -0.487
-0.658  0.172 -0.486
-0.657  0.173 -0.484
-0.655  0.173 -0.482
-0.654  0.173 -0.481
-0.653  0.174 -0.479
-0.652  0.174 -0.477
-0.650  0.175 -0.476
-0.649  0.175 -0.474
-0.648  0.176 -0.472
-0.647  0.178 -0.469
-0.646  0.178 -0.467
-0.644  0.180 -0.464
-0.643  0.180 -0.463
-0.641  0.181 -0.459
-0.640  0.181 -0.459
-0.638  0.182 -0.456
-0.637  0.182 -0.455
-0.635  0.183 -0.452
-0.634  0.182 -0.452
-0.632  0.182 -0.450
-0.631  0.182 -0.449
-0.629  0.182 -0.447
-0.628  0.181 -0.447
-0.626  0.181 -0.445
-0.625  0.180 -0.445
-0.624  0.180 -0.443
-0.623  0.179 -0.444
-0.621  0.179 -0.441
-0.620  0.178 -0.442
-0.618  0.179 -0.439
-0.617  0.178 -0.439
-0.616  0.179 -0.437
-0.615  0.178 -0.437
-0.613  0.178 -0.435
-0.612  0.177 -0.434
-0.610  0.178 -0.432
-0.609  0.177 -0.432
-0.607  0.177 -0.430
-0.606  0.176 -0.430
-0.605  0.177 -0.428
-0.604  0.176 -0.428
-0.602  0.176 -0.426
-0.601  0.175 -0.426
-0.599  0.175 -0.424
-0.598  0.174 -0.424
-0.596  0.174 -0.423
-0.595  0.173 -0.423
-0.594  0.173 -0.421
-0.593  0.171 -0.421
-0.591  0.171 -0.420
-0.590  0.170 -0.420
-0.588  0.170 -0.418
-0.587  0.169 -0.419
-0.586  0.169 -0.417
-0.585  0.168 -0.417
-0.583  0.168 -0.415
-0.582  0.167 -0.415
-0.581  0.168 -0.413
-0.580  0.167 -0.413
-0.578  0.167 -0.411
-0.577  0.166 -0.411
-0.576  0.166 -0.409
-0.575  0.165 -0.409
-0.573  0.166 -0.407
-0.572  0.165 -0.407
-0.571  0.165 -0.405
-0.570  0.164 -0.405
-0.568  0.165 -0.404
-0.567  0.164 -0.404
-0.566  0.164 -0.402
-0.565  0.163 -0.402
-0.563  0.163 -0.400
-0.562  0.162 -0.400
-0.561  0.162 -0.399
-0.560  0.161 -0.399
-0.558  0.161 -0.397
-0.557  0.160 -0.397
-0.556  0.160 -0.396
-0.555  0.158 -0.396
-0.553  0.158 -0.395
-0.552  0.157 -0.395
-0.551  0.157 -0.394
-0.550  0.156 -0.394
-0.548  0.156 -0.393
-0.547  0.154 -0.393
-0.546  0.155 -0.392
-0.545  0.153 -0.392
-0.544  0.154 -0.390
-0.543  0.152 -0.391
-0.541  0.152 -0.389
-0.540  0.151 -0.389
-0.539  0.151 -0.388
-0.538  0.150 -0.388
-0.537  0.150 -0.387
-0.536  0.149 -0.387
-0.535  0.150 -0.385
-0.534  0.149 -0.385
-0.532  0.149 -0.383
-0.531  0.148 -0.383
-0.530  0.148 -0.382
-0.529  0.147 -0.382
-0.528  0.147 -0.380
-0.527  0.146 -0.380
-0.526  0.146 -0.379
-0.525  0.146 -0.379
-0.523  0.146 -0.378
-0.522  0.145 -0.378
-0.521  0.145 -0.376
-0.520  0.144 -0.376
-0.519  0.144 -0.375
-0.518  0.143 -0.375
-0.517  0.143 -0.373
-0.516  0.143 -0.373
-0.514  0.143 -0.372
-0.514  0.142 -0.372
-0.512  0.142 -0.371
-0.512  0.141 -0.371
-0.510  0.141 -0.369
-0.509  0.140 -0.369
-0.508  0.141 -0.368
-0.507  0.140 -0.368
-0.506  0.140 -0.366
-0.505  0.139 -0.366
-0.504  0.139 -0.365
-0.503  0.138 -0.365
-0.502  0.139 -0.363
-0.501  0.138 -0.363
-0.500  0.138 -0.362
-0.499  0.137 -0.362
-0.497  0.137 -0.360
-0.497  0.136 -0.360
-0.495  0.137 -0.359
-0.494  0.136 -0.359
-0.493  0.136 -0.358
-0.492  0.135 -0.358
-0.491  0.135 -0.356
-0.490  0.134 -0.356
-0.489  0.134 -0.355
-0.488  0.133 -0.355
-0.487  0.133 -0.354
-0.486  0.133 -0.354
-0.485  0.133 -0.352
-0.484  0.132 -0.352
-0.483  0.132 -0.351
-0.482  0.131 -0.351
-0.481  0.131 -0.350
-0.480  0.130 -0.350
-0.479  0.130 -0.349
-0.478  0.129 -0.349
-0.477  0.129 -0.348
-0.476  0.128 -0.348
-0.475  0.128 -0.347
-0.474  0.128 -0.346
-0.473  0.128 -0.345
-0.472  0.128 -0.345
-0.471  0.128 -0.343
-0.470  0.127 -0.343
-0.469  0.128 -0.342
-0.469  0.127 -0.342
-0.467  0.127 -0.340
-0.467  0.127 -0.340
-0.465  0.127 -0.338
-0.465  0.126 -0.338
-0.463  0.127 -0.337
-0.463  0.126 -0.337
-0.461  0.126 -0.335
-0.461  0.125 -0.336
-0.459  0.125 -0.334
-0.459  0.124 -0.334
-0.458  0.125 -0.333
-0.457  0.124 -0.333
-0.456  0.124 -0.332
-0.455  0.123 -0.332
-0.454  0.124 -0.330
-0.453  0.123 -0.330
-0.452  0.123 -0.329
-0.451  0.123 -0.329
-0.450  0.123 -0.327
-0.449  0.123 -0.327
-0.448  0.123 -0.325
-0.448  0.122 -0.325
-0.446  0.123 -0.323
-0.446  0.122 -0.324
-0.444  0.123 -0.322
-0.444  0.122 -0.322
-0.443  0.122 -0.320
-0.442  0.121 -0.321
-0.441  0.121 -0.319
-0.440  0.120 -0.320
-0.439  0.121 -0.318
-0.438  0.120 -0.319
-0.437  0.120 -0.317
-0.436  0.119 -0.317
-0.435  0.120 -0.315
-0.435  0.119 -0.315
-0.433  0.120 -0.314
-0.433  0.119 -0.314
-0.431  0.119 -0.312
-0.431  0.118 -0.313
-0.430  0.119 -0.311
-0.429  0.118 -0.311
-0.428  0.119 -0.309
-0.428  0.118 -0.309
-0.426  0.119 -0.307
-0.426  0.119 -0.307
-0.424  0.119 -0.305
-0.424  0.118 -0.305
-0.422  0.119 -0.304
-0.422  0.118 -0.304
-0.421  0.119 -0.302
-0.420  0.118 -0.302
-0.419  0.119 -0.300
-0.418  0.118 -0.300
-0.417  0.119 -0.298
-0.416  0.118 -0.299
-0.415  0.118 -0.297
-0.414  0.117 -0.297
-0.413  0.117 -0.296
-0.413  0.116 -0.297
-0.411  0.116 -0.295
-0.411  0.115 -0.296
-0.410  0.116 -0.294
-0.409  0.115 -0.295
-0.408  0.115 -0.293
-0.407  0.114 -0.293
-0.406  0.115 -0.292
-0.406  0.114 -0.292
-0.404  0.114 -0.290
-0.404  0.113 -0.291
-0.403  0.113 -0.289
-0.402  0.112 -0.290
-0.401  0.113 -0.288
-0.400  0.112 -0.289
-0.399  0.112 -0.287
-0.399  0.111 -0.288
-0.397  0.111 -0.286
-0.397  0.110 -0.287
-0.396  0.110 -0.285
-0.395  0.110 -0.286
-0.394  0.110 -0.284
-0.394  0.109 -0.284
-0.393  0.109 -0.283
-0.392  0.109 -0.283
-0.391  0.109 -0.282
-0.390  0.108 -0.282
-0.389  0.109 -0.280
-0.389  0.108 -0.280
-0.388  0.109 -0.279
-0.387  0.108 -0.279
-0.386  0.108 -0.277
-0.385  0.107 -0.278
-0.384  0.108 -0.276
-0.384  0.107 -0.277
-0.383  0.107 -0.275
-0.382  0.106 -0.276
-0.381  0.107 -0.274
-0.380  0.106 -0.275
-0.379  0.106 -0.273
-0.379  0.105 -0.274
-0.378  0.106 -0.272
-0.377  0.105 -0.272
-0.376  0.105 -0.271
-0.375  0.105 -0.271
-0.375  0.105 -0.269
-0.374  0.105 -0.269
-0.373  0.105 -0.268
-0.372  0.105 -0.268
-0.371  0.105 -0.266
-0.371  0.105 -0.266
-0.370  0.105 -0.265
-0.369  0.104 -0.265
-0.368  0.105 -0.263
-0.367  0.104 -0.264
-0.366  0.104 -0.262
-0.366  0.103 -0.263
-0.365  0.103 -0.262
-0.364  0.101 -0.263
-0.363  0.101 -0.262
-0.362  0.100 -0.262
-0.362  0.100 -0.261
-0.361  0.099 -0.262
-0.360  0.099 -0.261
-0.359  0.098 -0.261
-0.359  0.099 -0.260
-0.358  0.098 -0.260
-0.357  0.098 -0.259
-0.357  0.097 -0.259
-0.356  0.098 -0.258
-0.355  0.097 -0.258
-0.354  0.097 -0.257
-0.354  0.096 -0.257
-0.353  0.097 -0.256
-0.352  0.095 -0.257
-0.351  0.096 -0.256
-0.350  0.094 -0.256
-0.350  0.095 -0.255
-0.349  0.093 -0.256
-0.348  0.094 -0.255
-0.348  0.093 -0.255
-0.347  0.093 -0.254
-0.346  0.092 -0.254
-0.345  0.093 -0.253
-0.345  0.092 -0.253
-0.344  0.092 -0.252
-0.343  0.091 -0.252
-0.343  0.092 -0.251
-0.342  0.091 -0.252
-0.341  0.091 -0.250
-0.341  0.090 -0.251
-0.340  0.091 -0.249
-0.339  0.090 -0.250
-0.338  0.090 -0.249
-0.338  0.089 -0.249
-0.337  0.089 -0.248
-0.337  0.088 -0.248
-0.336  0.089 -0.247
-0.335  0.087 -0.248
-0.334  0.088 -0.247
-0.334  0.087 -0.247
-0.333  0.087 -0.246
-0.332  0.086 -0.247
-0.332  0.086 -0.245
-0.331  0.085 -0.246
-0.330  0.086 -0.245
-0.330  0.085 -0.245
-0.329  0.085 -0.244
-0.329  0.084 -0.244
-0.328  0.085 -0.243
-0.327  0.084 -0.243
-0.327  0.085 -0.242
-0.326  0.084 -0.242
-0.325  0.084 -0.241
-0.325  0.083 -0.241
-0.324  0.084 -0.240
-0.323  0.083 -0.240
-0.323  0.083 -0.239
-0.322  0.082 -0.240
-0.321  0.083 -0.239
-0.321  0.081 -0.239
-0.320  0.082 -0.238
-0.320  0.081 -0.239
-0.319  0.081 -0.238
-0.318  0.080 -0.238
-0.317  0.081 -0.237
-0.317  0.080 -0.238
-0.316  0.080 -0.236
-0.316  0.079 -0.237
-0.315  0.080 -0.235
-0.315  0.079 -0.236
-0.314  0.079 -0.234
-0.314  0.078 -0.235
-0.313  0.079 -0.234
-0.312  0.078 -0.234
-0.311  0.079 -0.233
-0.311  0.078 -0.233
-0.310  0.078 -0.232
-0.310  0.077 -0.233
-0.309  0.078 -0.231
-0.309  0.077 -0.232
-0.308  0.077 -0.231
-0.308  0.076 -0.231
-0.307  0.077 -0.230
-0.306  0.076 -0.231
-0.306  0.077 -0.229
-0.305  0.076 -0.230
-0.304  0.076 -0.228
-0.304  0.075 -0.229
-0.303  0.076 -0.228
-0.303  0.074 -0.229
-0.302  0.075 -0.227
-0.302  0.074 -0.228
-0.301  0.074 -0.227
-0.301  0.073 -0.228
-0.300  0.073 -0.226
-0.300  0.072 -0.227
-0.299  0.073 -0.226
-0.298  0.072 -0.226
-0.297  0.073 -0.225
-0.297  0.072 -0.226
-0.296  0.072 -0.224
-0.296  0.071 -0.225
-0.295  0.072 -0.223
-0.295  0.071 -0.224
-0.294  0.071 -0.223
-0.294  0.070 -0.224
-0.293  0.071 -0.223
-0.293  0.069 -0.223
-0.292  0.070 -0.222
-0.292  0.069 -0.223
-0.291  0.069 -0.222
-0.291  0.068 -0.222
-0.290  0.069 -0.221
-0.290  0.068 -0.222
-0.289  0.068 -0.220
-0.289  0.068 -0.221
-0.288  0.068 -0.220
-0.288  0.067 -0.220
-0.287  0.068 -0.219
-0.287  0.067 -0.220
-0.286  0.067 -0.219
-0.286  0.066 -0.219
-0.285  0.067 -0.218
-0.285  0.066 -0.219
-0.284  0.066 -0.218
-0.283  0.065 -0.219
-0.283  0.065 -0.217
-0.282  0.064 -0.218
-0.282  0.065 -0.217
-0.282  0.064 -0.218
-0.281  0.064 -0.216
-0.281  0.064 -0.217
-0.280  0.064 -0.216
-0.280  0.063 -0.216
-0.279  0.064 -0.215
-0.279  0.063 -0.216
-0.278  0.063 -0.214
-0.278  0.062 -0.215
-0.277  0.063 -0.214
-0.277  0.062 -0.215
-0.276  0.062 -0.214
-0.276  0.061 -0.214
-0.275  0.062 -0.213
-0.275  0.061 -0.214
-0.274  0.061 -0.213
-0.274  0.060 -0.213
-0.273  0.061 -0.212
-0.273  0.060 -0.213
-0.272  0.060 -0.212
-0.272  0.060 -0.212
-0.271  0.060 -0.211
-0.271  0.059 -0.212
-0.270  0.060 -0.210
-0.270  0.059 -0.211
-0.269  0.059 -0.210
-0.269  0.059 -0.210
-0.268  0.059 -0.209
-0.268  0.059 -0.210
-0.267  0.059 -0.208
-0.267  0.058 -0.209
-0.266  0.058 -0.208
-0.266  0.058 -0.209
-0.266  0.058 -0.208
-0.266  0.057 -0.208
-0.265  0.058 -0.207
-0.265  0.057 -0.208
-0.264  0.057 -0.207
-0.264  0.057 -0.207
-0.263  0.057 -0.206
-0.263  0.056 -0.207
-0.262  0.056 -0.206
-0.262  0.056 -0.206
-0.261  0.056 -0.205
-0.261  0.055 -0.206
-0.260  0.056 -0.205
-0.260  0.055 -0.205
-0.259  0.055 -0.204
-0.260  0.055 -0.205
-0.259  0.055 -0.204
-0.259  0.054 -0.204
-0.258  0.055 -0.203
-0.258  0.054 -0.204
-0.257  0.054 -0.203
-0.257  0.054 -0.203
-0.256  0.054 -0.202
-0.256  0.054 -0.203
-0.255  0.054 -0.202
-0.255  0.053 -0.202
-0.254  0.053 -0.201
-0.255  0.053 -0.202
-0.254  0.053 -0.201
-0.254  0.053 -0.201
-0.253  0.053 -0.200
-0.253  0.052 -0.201
-0.252  0.052 -0.200
-0.252  0.052 -0.200
-0.251  0.052 -0.199
-0.251  0.051 -0.200
-0.250  0.052 -0.199
-0.251  0.051 -0.200
-0.250  0.051 -0.198
-0.250  0.051 -0.199
-0.249  0.051 -0.198
-0.249  0.051 -0.198
-0.248  0.051 -0.197
-0.248  0.050 -0.198
-0.247  0.050 -0.197
-0.247  0.050 -0.197
-0.247  0.050 -0.196
-0.247  0.050 -0.197
-0.246  0.050 -0.196
-0.246  0.049 -0.197
-0.245  0.049 -0.196
-0.245  0.049 -0.197
-0.244  0.049 -0.195
-0.244  0.048 -0.196
-0.243  0.048 -0.195
-0.244  0.048 -0.196
-0.243  0.048 -0.195
-0.243  0.047 -0.196
-0.242  0.047 -0.195
-0.242  0.047 -0.195
-0.241  0.047 -0.194
-0.241  0.047 -0.195
-0.240  0.047 -0.194
-0.241  0.046 -0.194
-0.240  0.046 -0.193
-0.240  0.046 -0.194
-0.239  0.046 -0.193
-0.239  0.045 -0.194
-0.238  0.046 -0.193
-0.239  0.045 -0.194
-0.238  0.045 -0.192
-0.238  0.045 -0.193
-0.237  0.045 -0.192
-0.237  0.044 -0.193
-0.236  0.044 -0.192
-0.236  0.044 -0.193
-0.236  0.044 -0.192
-0.236  0.043 -0.192
-0.235  0.044 -0.191
-0.235  0.043 -0.192
-0.234  0.043 -0.191
-0.234  0.043 -0.192
-0.234  0.043 -0.191
-0.234  0.042 -0.191
-0.233  0.043 -0.190
-0.233  0.042 -0.191
-0.232  0.042 -0.190
-0.233  0.042 -0.191
-0.232  0.042 -0.190
-0.232  0.041 -0.191
-0.231  0.042 -0.189
-0.231  0.041 -0.190
-0.230  0.042 -0.189
-0.231  0.041 -0.189
-0.230  0.042 -0.188
-0.230  0.041 -0.189
-0.229  0.042 -0.187
-0.229  0.041 -0.188
-0.228  0.041 -0.187
-0.229  0.041 -0.188
-0.228  0.041 -0.187
-0.228  0.041 -0.187
-0.227  0.041 -0.186
-0.227  0.040 -0.187
-0.227  0.041 -0.186
-0.227  0.040 -0.187
-0.226  0.040 -0.186
-0.226  0.040 -0.186
-0.225  0.040 -0.185
-0.226  0.039 -0.186
-0.225  0.040 -0.185
-0.225  0.039 -0.186
-0.224  0.039 -0.185
-0.224  0.039 -0.186
-0.224  0.039 -0.185
-0.224  0.038 -0.186
-0.223  0.039 -0.184
-0.223  0.038 -0.185
-0.222  0.038 -0.184
-0.222  0.037 -0.185
-0.222  0.038 -0.184
-0.222  0.037 -0.185
-0.221  0.037 -0.184
-0.221  0.037 -0.185
-0.221  0.037 -0.184
-0.221  0.036 -0.184
-0.220  0.037 -0.183
-0.220  0.036 -0.184
-0.220  0.037 -0.183
-0.220  0.036 -0.184
-0.219  0.036 -0.183
-0.219  0.035 -0.184
-0.218  0.036 -0.183
-0.219  0.035 -0.183
-0.218  0.035 -0.182
-0.218  0.035 -0.183
-0.217  0.035 -0.182
-0.217  0.034 -0.183
-0.217  0.035 -0.182
-0.217  0.034 -0.183
-0.216  0.035 -0.182
-0.216  0.034 -0.183
-0.216  0.034 -0.182
-0.216  0.033 -0.182
-0.215  0.034 -0.182
-0.215  0.033 -0.182
-0.215  0.033 -0.181
-0.215  0.033 -0.182
-0.214  0.033 -0.181
-0.214  0.032 -0.182
