 0.000 -0.000 -0.000
-0.015 -0.000 -0.015
-0.015  0.000 -0.015
-0.030  0.000 -0.030
-0.030  0.000 -0.030
-0.045  0.000 -0.045
-0.045  0.000 -0.045
-0.060  0.000 -0.060
-0.060  0.000 -0.060
-0.075  0.000 -0.075
-0.075  0.000 -0.074
-0.089  0.000 -0.089
-0.089  0.000 -0.089
-0.104  0.000 -0.103
-0.104  0.000 -0.103
-0.118  0.000 -0.118
-0.118  0.000 -0.118
-0.132  0.000 -0.132
-0.132  0.000 -0.132
-0.146  0.000 -0.146
-0.146  0.000 -0.146
-0.160  0.000 -0.160
-0.160  0.000 -0.160
-0.174  0.000 -0.174
-0.174  0.000 -0.174
-0.188  0.000 -0.187
-0.188  0.000 -0.187
-0.201  0.000 -0.201
-0.201  0.000 -0.201
-0.215  0.000 -0.214
-0.215  0.000 -0.214
-0.228  0.000 -0.228
-0.228  0.000 -0.228
-0.241  0.000 -0.241
-0.241  0.000 -0.241
-0.255  0.000 -0.254
-0.255  0.000 -0.254
-0.268  0.000 -0.267
-0.268  0.000 -0.267
-0.281  0.000 -0.280
-0.281  0.001 -0.280
-0.293  0.000 -0.293
-0.293  0.001 -0.293
-0.306  0.000 -0.306
-0.306  0.001 -0.306
-0.319  0.000 -0.318
-0.319  0.001 -0.318
-0.331  0.001 -0.331
-0.331  0.001 -0.331
-0.344  0.001 -0.343
-0.344  0.001 -0.343
-0.356  0.001 -0.355
-0.356  0.001 -0.355
-0.368  0.000 -0.368
-0.368  0.001 -0.368
-0.380  0.001 -0.380
-0.380  0.001 -0.380
-0.392  0.000 -0.392
-0.392  0.001 -0.392
-0.404  0.001 -0.404
-0.404  0.001 -0.404
-0.416  0.001 -0.415
-0.416  0.001 -0.415
-0.428  0.001 -0.427
-0.428  0.001 -0.427
-0.439  0.001 -0.439
-0.439  0.001 -0.439
-0.451  0.001 -0.450
-0.451  0.001 -0.450
-0.462  0.001 -0.461
-0.462  0.001 -0.462
-0.473  0.001 -0.473
-0.474  0.001 -0.473
-0.485  0.001 -0.484
-0.485  0.001 -0.484
-0.496  0.001 -0.495
-0.496  0.001 -0.495
-0.507  0.001 -0.506
-0.507  0.001 -0.506
-0.518  0.001 -0.517
-0.518  0.001 -0.517
-0.529  0.001 -0.528
-0.529  0.001 -0.528
-0.539  0.001 -0.539
-0.540  0.001 -0.539
-0.550  0.001 -0.549
-0.550  0.001 -0.549
-0.561  0.001 -0.560
-0.561  0.001 -0.560
-0.571  0.001 -0.570
-0.571  0.001 -0.570
-0.581  0.001 -0.581
-0.582  0.001 -0.581
-0.592  0.001 -0.591
-0.592  0.001 -0.591
-0.602  0.001 -0.601
-0.602  0.001 -0.601
-0.612  0.001 -0.611
-0.612  0.001 -0.611
-0.622  0.001 -0.621
-0.622  0.001 -0.621
-0.632  0.001 -0.631
-0.632  0.001 -0.631
-0.642  0.001 -0.641
-0.642  0.001 -0.641
-0.652  0.001 -0.651
-0.652  0.001 -0.651
-0.662  0.001 -0.661
-0.662  0.001 -0.661
-0.671  0.001 -0.670
-0.671  0.001 -0.670
-0.681  0.001 -0.680
-0.681  0.001 -0.680
-0.690  0.001 -0.690
