 0.000 -0.000 -0.000
-0.027 -0.000 -0.027
-0.027 -0.000 -0.027
-0.053 -0.000 -0.053
-0.053 -0.000 -0.053
-0.079 -0.000 -0.079
-0.080 -0.000 -0.080
-0.105 -0.000 -0.105
-0.105 -0.000 -0.105
-0.131 -0.000 -0.131
-0.131 -0.000 -0.131
-0.156 -0.000 -0.156
-0.156 -0.000 -0.156
-0.181 -0.000 -0.181
-0.181 -0.000 -0.181
-0.205 -0.000 -0.205
-0.205 -0.000 -0.205
-0.229 -0.000 -0.229
-0.229 -0.000 -0.229
-0.252 -0.000 -0.253
-0.252 -0.000 -0.253
-0.276 -0.000 -0.276
-0.276 -0.000 -0.276
-0.299 -0.000 -0.299
-0.299 -0.000 -0.299
-0.321 -0.000 -0.321
-0.321 -0.000 -0.321
-0.344 -0.000 -0.344
-0.344 -0.000 -0.344
-0.366 -0.000 -0.366
-0.367  0.000 -0.367
-0.386 -0.001 -0.387
-0.388  0.000 -0.388
-0.408 -0.001 -0.408
-0.408  0.000 -0.408
-0.430 -0.000 -0.430
-0.429 -0.000 -0.429
-0.450 -0.000 -0.451
-0.451  0.000 -0.451
-0.471 -0.000 -0.471
-0.472  0.000 -0.471
-0.491 -0.000 -0.491
-0.491  0.000 -0.491
-0.511 -0.000 -0.511
-0.511  0.000 -0.511
-0.530 -0.000 -0.530
-0.531  0.000 -0.531
-0.550 -0.000 -0.550
-0.550  0.000 -0.550
-0.569 -0.000 -0.569
-0.569 -0.000 -0.569
-0.588 -0.000 -0.588
-0.588  0.000 -0.588
-0.606 -0.000 -0.606
-0.607  0.000 -0.607
-0.624 -0.000 -0.625
-0.625  0.000 -0.625
-0.643 -0.000 -0.643
-0.643 -0.000 -0.643
-0.660 -0.000 -0.660
-0.661  0.000 -0.661
-0.677 -0.000 -0.678
-0.678  0.000 -0.678
-0.695 -0.000 -0.695
-0.695  0.000 -0.695
-0.712 -0.000 -0.712
-0.712 -0.000 -0.712
-0.729 -0.000 -0.729
-0.729 -0.000 -0.729
-0.745 -0.000 -0.745
-0.746 -0.000 -0.746
-0.761 -0.000 -0.762
-0.762 -0.000 -0.762
-0.777 -0.000 -0.778
-0.778 -0.000 -0.778
-0.793 -0.000 -0.794
-0.794 -0.000 -0.794
-0.809 -0.000 -0.809
-0.809 -0.000 -0.809
-0.824 -0.000 -0.824
-0.825 -0.000 -0.825
-0.839 -0.000 -0.840
-0.840 -0.000 -0.840
-0.854 -0.000 -0.855
-0.855 -0.000 -0.855
-0.869 -0.000 -0.869
-0.869 -0.000 -0.869
-0.883 -0.000 -0.884
-0.884 -0.000 -0.884
-0.898 -0.000 -0.898
-0.898 -0.000 -0.898
-0.912 -0.000 -0.912
-0.912 -0.000 -0.912
-0.926 -0.000 -0.926
-0.926 -0.000 -0.926
-0.939 -0.000 -0.940
-0.940 -0.000 -0.940
-0.953 -0.000 -0.953
-0.953 -0.000 -0.953
-0.966 -0.000 -0.966
-0.966 -0.000 -0.967
-0.979 -0.000 -0.980
-0.979 -0.000 -0.980
-0.992 -0.000 -0.993
-0.992 -0.000 -0.993
-1.005 -0.000 -1.005
-1.005 -0.000 -1.005
-1.017 -0.000 -1.018
-1.018 -0.000 -1.018
-1.030 -0.000 -1.030
-1.030 -0.000 -1.030
-1.042 -0.000 -1.042
-1.042 -0.000 -1.042
-1.054 -0.000 -1.054
-1.054 -0.000 -1.054
-1.066 -0.000 -1.066
-1.066 -0.000 -1.066
-1.077 -0.000 -1.078
-1.078 -0.000 -1.078
-1.089 -0.000 -1.089
-1.089 -0.000 -1.089
-1.100 -0.000 -1.101
-1.101 -0.000 -1.101
-1.111 -0.000 -1.112
-1.112 -0.000 -1.112
-1.123 -0.000 -1.123
-1.123 -0.000 -1.123
-1.133 -0.000 -1.134
-1.134 -0.000 -1.134
-1.144 -0.000 -1.145
-1.144 -0.000 -1.144
-1.155 -0.000 -1.155
-1.155 -0.000 -1.155
-1.165 -0.000 -1.165
-1.165 -0.000 -1.165
-1.175 -0.000 -1.176
-1.175 -0.000 -1.176
-1.185 -0.000 -1.186
-1.186 -0.000 -1.186
-1.195 -0.000 -1.196
-1.196 -0.000 -1.196
-1.205 -0.000 -1.206
-1.205 -0.000 -1.206
-1.215 -0.000 -1.215
-1.215 -0.000 -1.215
-1.224 -0.000 -1.225
-1.225 -0.000 -1.225
-1.234 -0.000 -1.234
-1.234 -0.000 -1.234
-1.243 -0.000 -1.243
-1.243 -0.000 -1.244
-1.252 -0.000 -1.253
-1.252 -0.000 -1.253
-1.261 -0.000 -1.262
-1.261 -0.000 -1.262
-1.270 -0.000 -1.271
-1.270 -0.000 -1.271
-1.279 -0.000 -1.279
-1.279 -0.000 -1.279
-1.288 -0.000 -1.288
-1.288 -0.000 -1.288
-1.296 -0.000 -1.297
-1.296 -0.000 -1.297
-1.305 -0.000 -1.305
-1.305 -0.000 -1.305
-1.313 -0.000 -1.313
-1.313 -0.000 -1.313
-1.321 -0.000 -1.321
-1.321 -0.000 -1.321
-1.329 -0.000 -1.329
-1.329 -0.000 -1.329
-1.337 -0.000 -1.337
-1.337 -0.000 -1.337
-1.345 -0.000 -1.345
-1.345 -0.000 -1.345
-1.352 -0.000 -1.353
-1.352 -0.000 -1.353
-1.360 -0.000 -1.360
-1.360 -0.000 -1.360
-1.368 -0.000 -1.368
-1.367 -0.000 -1.368
-1.375 -0.000 -1.375
-1.375 -0.000 -1.375
-1.382 -0.000 -1.382
-1.382 -0.000 -1.382
-1.389 -0.000 -1.389
-1.389 -0.000 -1.389
-1.396 -0.000 -1.397
-1.396 -0.000 -1.397
-1.403 -0.000 -1.403
-1.403 -0.000 -1.403
-1.410 -0.000 -1.410
-1.410 -0.000 -1.410
-1.417 -0.000 -1.417
-1.417 -0.000 -1.417
-1.424 -0.000 -1.424
-1.423 -0.000 -1.424
-1.430 -0.000 -1.430
-1.430 -0.000 -1.430
-1.437 -0.000 -1.437
-1.436 -0.000 -1.437
-1.443 -0.000 -1.443
-1.443 -0.000 -1.443
-1.449 -0.000 -1.449
-1.449 -0.000 -1.450
-1.456 -0.000 -1.456
-1.455 -0.000 -1.456
-1.462 -0.000 -1.462
-1.461 -0.000 -1.462
-1.468 -0.000 -1.468
-1.468 -0.000 -1.468
-1.474 -0.000 -1.474
-1.474 -0.000 -1.474
-1.480 -0.000 -1.480
-1.479 -0.000 -1.480
-1.485 -0.000 -1.486
-1.485 -0.000 -1.486
-1.491 -0.000 -1.491
-1.491 -0.000 -1.491
-1.497 -0.000 -1.497
-1.496 -0.001 -1.497
-1.502 -0.000 -1.502
-1.502 -0.001 -1.502
-1.508 -0.000 -1.508
-1.507 -0.000 -1.508
-1.513 -0.000 -1.513
-1.513 -0.000 -1.513
-1.518 -0.000 -1.518
-1.518 -0.000 -1.519
-1.523 -0.000 -1.524
-1.523 -0.001 -1.524
-1.529 -0.000 -1.529
-1.528 -0.001 -1.529
-1.534 -0.000 -1.534
-1.534 -0.001 -1.534
-1.539 -0.000 -1.539
-1.538 -0.001 -1.539
-1.544 -0.000 -1.544
-1.543 -0.001 -1.544
-1.548 -0.000 -1.549
-1.548 -0.000 -1.549
-1.553 -0.000 -1.553
-1.553 -0.000 -1.554
-1.558 -0.000 -1.558
-1.558 -0.000 -1.558
-1.563 -0.000 -1.563
-1.563 -0.000 -1.563
-1.567 -0.000 -1.567
-1.567 -0.001 -1.568
-1.572 -0.000 -1.572
-1.572 -0.000 -1.572
-1.576 -0.000 -1.576
-1.576 -0.000 -1.577
-1.581 -0.000 -1.581
-1.580 -0.000 -1.581
-1.585 -0.000 -1.585
-1.585 -0.000 -1.585
-1.589 -0.000 -1.589
-1.589 -0.000 -1.590
-1.593 -0.000 -1.594
-1.593 -0.000 -1.594
-1.598 -0.000 -1.598
-1.597 -0.000 -1.598
-1.602 -0.000 -1.602
-1.601 -0.000 -1.602
-1.606 -0.000 -1.606
-1.605 -0.000 -1.606
-1.610 -0.000 -1.610
-1.609 -0.000 -1.610
-1.613 -0.000 -1.614
-1.613 -0.000 -1.614
-1.617 -0.000 -1.618
-1.617 -0.000 -1.618
-1.621 -0.000 -1.621
-1.621 -0.000 -1.621
-1.625 -0.000 -1.625
-1.625 -0.000 -1.625
-1.629 -0.000 -1.629
-1.628 -0.000 -1.629
-1.632 -0.000 -1.632
-1.632 -0.000 -1.633
-1.636 -0.000 -1.636
-1.636 -0.000 -1.636
-1.639 -0.000 -1.640
-1.639 -0.000 -1.640
-1.643 -0.000 -1.643
-1.643 -0.000 -1.643
-1.646 -0.000 -1.647
-1.646 -0.000 -1.647
-1.650 -0.000 -1.650
-1.650 -0.000 -1.650
-1.653 -0.000 -1.653
-1.653 -0.000 -1.653
-1.656 -0.000 -1.657
-1.656 -0.000 -1.657
-1.659 -0.000 -1.660
-1.659 -0.000 -1.660
-1.663 -0.000 -1.663
-1.663 -0.000 -1.663
-1.666 -0.000 -1.666
-1.666 -0.000 -1.666
-1.669 -0.000 -1.669
-1.669 -0.000 -1.669
-1.672 -0.000 -1.672
-1.672 -0.000 -1.672
-1.675 -0.000 -1.675
-1.675 -0.000 -1.675
-1.678 -0.000 -1.678
-1.678 -0.000 -1.678
-1.681 -0.000 -1.681
-1.681 -0.000 -1.681
-1.684 -0.000 -1.684
-1.684 -0.000 -1.684
-1.687 -0.000 -1.687
-1.686 -0.000 -1.687
-1.690 -0.000 -1.690
-1.689 -0.000 -1.690
-1.692 -0.000 -1.692
-1.692 -0.000 -1.693
-1.695 -0.000 -1.695
-1.695 -0.000 -1.695
-1.698 -0.000 -1.698
-1.698 -0.000 -1.698
-1.700 -0.000 -1.701
-1.700 -0.000 -1.701
-1.703 -0.000 -1.703
-1.703 -0.000 -1.703
-1.705 -0.000 -1.706
-1.705 -0.000 -1.706
-1.708 -0.000 -1.708
-1.708 -0.000 -1.708
-1.711 -0.000 -1.711
-1.710 -0.000 -1.711
-1.713 -0.000 -1.713
-1.713 -0.000 -1.713
-1.715 -0.000 -1.716
-1.715 -0.000 -1.716
-1.718 -0.000 -1.718
-1.718 -0.000 -1.718
-1.720 -0.000 -1.720
-1.720 -0.000 -1.721
-1.723 -0.000 -1.723
-1.722 -0.000 -1.723
-1.725 -0.000 -1.725
-1.725 -0.000 -1.725
-1.727 -0.000 -1.727
-1.727 -0.000 -1.727
-1.729 -0.000 -1.730
-1.729 -0.000 -1.730
-1.731 -0.000 -1.732
-1.731 -0.000 -1.732
-1.734 -0.000 -1.734
-1.734 -0.000 -1.734
-1.736 -0.000 -1.736
-1.736 -0.000 -1.736
-1.738 -0.000 -1.738
-1.738 -0.000 -1.738
-1.740 -0.000 -1.740
-1.740 -0.000 -1.740
-1.742 -0.000 -1.742
-1.742 -0.000 -1.742
-1.744 -0.000 -1.744
-1.744 -0.000 -1.744
-1.746 -0.000 -1.746
-1.746 -0.000 -1.746
-1.748 -0.000 -1.748
-1.748 -0.000 -1.748
-1.750 -0.000 -1.750
-1.750 -0.000 -1.750
-1.752 -0.000 -1.752
-1.752 -0.000 -1.752
-1.754 -0.000 -1.754
-1.754 -0.000 -1.754
-1.756 -0.000 -1.756
-1.755 -0.000 -1.756
-1.757 -0.000 -1.758
-1.757 -0.000 -1.758
-1.759 -0.000 -1.760
-1.759 -0.000 -1.759
-1.761 -0.000 -1.761
-1.761 -0.000 -1.761
-1.763 -0.000 -1.763
-1.763 -0.000 -1.763
-1.765 -0.000 -1.765
-1.764 -0.000 -1.765
-1.766 -0.000 -1.767
-1.766 -0.000 -1.766
-1.768 -0.000 -1.768
-1.768 -0.000 -1.768
-1.770 -0.000 -1.770
-1.769 -0.000 -1.770
-1.771 -0.000 -1.772
-1.771 -0.000 -1.771
-1.773 -0.000 -1.773
-1.773 -0.000 -1.773
-1.774 -0.000 -1.775
-1.774 -0.000 -1.774
-1.776 -0.000 -1.776
-1.776 -0.000 -1.776
-1.777 -0.000 -1.778
-1.777 -0.000 -1.777
-1.779 -0.000 -1.779
-1.779 -0.000 -1.779
-1.780 -0.000 -1.781
-1.780 -0.000 -1.781
-1.782 -0.000 -1.782
-1.782 -0.000 -1.782
-1.783 -0.000 -1.784
-1.783 -0.000 -1.784
-1.785 -0.000 -1.785
-1.785 -0.000 -1.785
-1.786 -0.000 -1.787
-1.786 -0.000 -1.786
-1.788 -0.000 -1.788
-1.787 -0.000 -1.788
-1.789 -0.000 -1.789
-1.789 -0.000 -1.789
-1.790 -0.000 -1.791
-1.790 -0.000 -1.791
-1.792 -0.000 -1.792
-1.792 -0.000 -1.792
-1.793 -0.000 -1.793
-1.793 -0.000 -1.793
-1.794 -0.000 -1.795
-1.794 -0.000 -1.795
-1.795 -0.000 -1.796
-1.795 -0.000 -1.796
-1.797 -0.000 -1.797
-1.797 -0.000 -1.797
-1.798 -0.000 -1.798
-1.798 -0.000 -1.798
-1.799 -0.000 -1.800
-1.799 -0.000 -1.800
-1.800 -0.000 -1.801
-1.800 -0.000 -1.801
-1.802 -0.000 -1.802
-1.801 -0.000 -1.802
-1.803 -0.000 -1.803
-1.803 -0.000 -1.803
-1.804 -0.000 -1.804
-1.804 -0.000 -1.804
-1.805 -0.000 -1.805
-1.805 -0.000 -1.805
-1.806 -0.000 -1.807
-1.806 -0.000 -1.807
-1.807 -0.000 -1.808
-1.807 -0.001 -1.808
-1.808 -0.000 -1.809
-1.808 -0.000 -1.809
-1.809 -0.000 -1.810
-1.809 -0.000 -1.810
-1.811 -0.000 -1.811
-1.810 -0.000 -1.811
-1.812 -0.000 -1.812
-1.811 -0.001 -1.812
-1.813 -0.000 -1.813
-1.812 -0.001 -1.813
-1.814 -0.000 -1.814
-1.814 -0.001 -1.814
-1.815 -0.000 -1.815
-1.815 -0.001 -1.815
-1.816 -0.000 -1.816
-1.816 -0.001 -1.816
-1.817 -0.000 -1.817
-1.817 -0.001 -1.817
-1.818 -0.000 -1.818
-1.818 -0.001 -1.818
-1.819 -0.000 -1.819
-1.818 -0.001 -1.819
-1.819 -0.000 -1.820
-1.819 -0.001 -1.820
-1.820 -0.000 -1.821
-1.820 -0.001 -1.821
-1.821 -0.000 -1.822
-1.821 -0.001 -1.822
-1.822 -0.000 -1.822
-1.822 -0.001 -1.823
-1.823 -0.000 -1.823
-1.823 -0.001 -1.823
-1.824 -0.000 -1.824
-1.824 -0.001 -1.824
-1.825 -0.000 -1.825
-1.825 -0.001 -1.825
-1.826 -0.000 -1.826
-1.825 -0.001 -1.826
-1.826 -0.000 -1.827
-1.826 -0.001 -1.827
-1.827 -0.000 -1.828
-1.827 -0.001 -1.828
-1.828 -0.000 -1.828
-1.828 -0.001 -1.828
-1.829 -0.000 -1.829
-1.829 -0.001 -1.829
-1.830 -0.000 -1.830
-1.829 -0.001 -1.830
-1.830 -0.000 -1.831
-1.830 -0.001 -1.831
-1.831 -0.000 -1.831
-1.831 -0.001 -1.831
-1.832 -0.000 -1.832
-1.832 -0.001 -1.832
-1.833 -0.000 -1.833
-1.832 -0.001 -1.833
-1.833 -0.000 -1.834
-1.833 -0.001 -1.834
-1.834 -0.000 -1.834
-1.834 -0.001 -1.834
-1.835 -0.000 -1.835
-1.835 -0.001 -1.835
-1.835 -0.000 -1.836
-1.835 -0.001 -1.836
-1.836 -0.000 -1.836
-1.836 -0.001 -1.836
-1.837 -0.000 -1.837
-1.837 -0.001 -1.837
-1.837 -0.000 -1.838
-1.837 -0.001 -1.838
-1.838 -0.000 -1.838
-1.838 -0.001 -1.838
-1.839 -0.000 -1.839
-1.839 -0.001 -1.839
-1.839 -0.000 -1.840
-1.839 -0.001 -1.840
-1.840 -0.000 -1.840
-1.840 -0.001 -1.840
-1.841 -0.000 -1.841
-1.840 -0.001 -1.841
-1.841 -0.000 -1.842
-1.841 -0.001 -1.842
-1.842 -0.000 -1.842
-1.842 -0.001 -1.842
-1.842 -0.000 -1.843
-1.842 -0.001 -1.843
-1.843 -0.000 -1.843
-1.843 -0.001 -1.843
-1.844 -0.000 -1.844
-1.843 -0.001 -1.844
-1.844 -0.000 -1.845
-1.844 -0.001 -1.844
-1.845 -0.000 -1.845
-1.844 -0.001 -1.845
-1.845 -0.000 -1.846
-1.845 -0.001 -1.846
-1.846 -0.000 -1.846
-1.846 -0.001 -1.846
-1.846 -0.000 -1.847
-1.846 -0.001 -1.847
-1.847 -0.000 -1.847
-1.847 -0.001 -1.847
-1.847 -0.000 -1.848
-1.847 -0.001 -1.848
-1.848 -0.000 -1.848
-1.848 -0.001 -1.848
-1.848 -0.000 -1.849
-1.848 -0.000 -1.849
-1.849 -0.000 -1.849
-1.849 -0.000 -1.849
-1.849 -0.000 -1.850
-1.849 -0.000 -1.850
-1.850 -0.000 -1.850
-1.850 -0.000 -1.850
-1.850 -0.000 -1.851
-1.850 -0.000 -1.851
-1.851 -0.000 -1.851
-1.851 -0.000 -1.851
-1.851 -0.000 -1.852
-1.851 -0.000 -1.851
-1.852 -0.000 -1.852
-1.851 -0.000 -1.852
-1.852 -0.000 -1.853
-1.852 -0.000 -1.852
-1.853 -0.000 -1.853
-1.852 -0.000 -1.853
-1.853 -0.000 -1.854
-1.853 -0.000 -1.853
-1.854 -0.000 -1.854
-1.853 -0.000 -1.854
-1.854 -0.000 -1.854
-1.854 -0.000 -1.854
-1.855 -0.000 -1.855
-1.854 -0.001 -1.855
-1.855 -0.000 -1.855
-1.855 -0.001 -1.855
-1.855 -0.000 -1.856
-1.855 -0.001 -1.856
-1.856 -0.000 -1.856
-1.855 -0.001 -1.856
-1.856 -0.000 -1.856
-1.856 -0.001 -1.856
-1.857 -0.000 -1.857
-1.856 -0.001 -1.857
-1.857 -0.000 -1.857
-1.857 -0.001 -1.857
-1.857 -0.000 -1.858
-1.857 -0.001 -1.857
-1.858 -0.000 -1.858
-1.857 -0.000 -1.858
-1.858 -0.000 -1.858
-1.858 -0.000 -1.858
-1.858 -0.000 -1.859
-1.858 -0.000 -1.859
-1.859 -0.000 -1.859
-1.859 -0.000 -1.859
-1.859 -0.000 -1.859
-1.859 -0.000 -1.859
-1.859 -0.000 -1.860
-1.859 -0.000 -1.860
-1.860 -0.000 -1.860
-1.859 -0.000 -1.860
-1.860 -0.000 -1.860
-1.860 -0.001 -1.860
-1.860 -0.000 -1.861
-1.860 -0.001 -1.861
-1.861 -0.000 -1.861
-1.861 -0.001 -1.861
-1.861 -0.000 -1.861
-1.861 -0.001 -1.862
-1.861 -0.000 -1.862
-1.861 -0.001 -1.862
-1.862 -0.000 -1.862
-1.861 -0.001 -1.862
-1.862 -0.000 -1.862
-1.862 -0.001 -1.862
-1.862 -0.000 -1.863
-1.862 -0.001 -1.863
-1.863 -0.000 -1.863
-1.863 -0.001 -1.863
-1.863 -0.000 -1.863
-1.863 -0.001 -1.863
-1.863 -0.000 -1.863
-1.863 -0.001 -1.864
-1.863 -0.000 -1.864
-1.863 -0.001 -1.864
-1.864 -0.000 -1.864
-1.864 -0.000 -1.864
-1.864 -0.000 -1.864
-1.864 -0.000 -1.864
-1.865 -0.000 -1.865
-1.864 -0.000 -1.865
-1.865 -0.000 -1.865
-1.865 -0.000 -1.865
-1.865 -0.000 -1.865
-1.865 -0.000 -1.865
-1.865 -0.000 -1.865
-1.865 -0.000 -1.865
-1.865 -0.000 -1.866
-1.865 -0.000 -1.866
-1.866 -0.000 -1.866
-1.866 -0.000 -1.866
-1.866 -0.000 -1.866
-1.866 -0.000 -1.866
-1.866 -0.000 -1.866
-1.866 -0.000 -1.866
-1.866 -0.000 -1.867
-1.866 -0.000 -1.867
-1.867 -0.000 -1.867
-1.867 -0.000 -1.867
-1.867 -0.000 -1.867
-1.867 -0.000 -1.867
-1.867 -0.000 -1.867
-1.867 -0.000 -1.867
-1.867 -0.000 -1.868
-1.867 -0.000 -1.868
-1.868 -0.000 -1.868
-1.867 -0.000 -1.868
-1.868 -0.000 -1.868
-1.868 -0.000 -1.868
-1.868 -0.000 -1.868
-1.868 -0.000 -1.868
-1.868 -0.000 -1.869
-1.868 -0.000 -1.868
-1.869 -0.000 -1.869
-1.868 -0.000 -1.869
-1.869 -0.000 -1.869
-1.869 -0.000 -1.869
-1.869 -0.000 -1.869
-1.869 -0.000 -1.869
-1.869 -0.000 -1.869
-1.869 -0.000 -1.869
-1.869 -0.000 -1.870
-1.869 -0.000 -1.870
-1.870 -0.000 -1.870
-1.869 -0.000 -1.870
-1.870 -0.000 -1.870
-1.869 -0.000 -1.870
-1.870 -0.000 -1.870
-1.870 -0.000 -1.870
-1.870 -0.000 -1.871
-1.870 -0.000 -1.870
-1.871 -0.000 -1.871
-1.870 -0.000 -1.870
-1.871 -0.000 -1.871
-1.870 -0.000 -1.871
-1.871 -0.000 -1.871
-1.870 -0.000 -1.871
-1.871 -0.000 -1.871
-1.871 -0.000 -1.871
-1.871 -0.000 -1.872
-1.871 -0.000 -1.871
-1.871 -0.000 -1.872
-1.871 -0.000 -1.871
-1.872 -0.000 -1.872
-1.871 -0.000 -1.871
-1.872 -0.000 -1.872
-1.871 -0.000 -1.872
-1.872 -0.000 -1.872
-1.872 -0.000 -1.872
-1.872 -0.000 -1.872
-1.872 -0.000 -1.872
-1.872 -0.000 -1.872
-1.872 -0.000 -1.872
-1.872 -0.000 -1.873
-1.872 -0.000 -1.872
-1.873 -0.000 -1.873
-1.872 -0.000 -1.873
-1.873 -0.000 -1.873
-1.872 -0.000 -1.873
-1.873 -0.000 -1.873
-1.873 -0.000 -1.873
-1.873 -0.000 -1.873
-1.873 -0.000 -1.873
-1.873 -0.000 -1.873
-1.873 -0.000 -1.873
-1.873 -0.000 -1.873
-1.873 -0.000 -1.873
-1.873 -0.000 -1.874
-1.873 -0.000 -1.873
-1.874 -0.000 -1.874
-1.873 -0.000 -1.874
-1.874 -0.000 -1.874
-1.873 -0.000 -1.874
-1.874 -0.000 -1.874
-1.874 -0.000 -1.874
-1.874 -0.000 -1.874
-1.874 -0.000 -1.874
-1.874 -0.000 -1.874
-1.874 -0.000 -1.874
-1.874 -0.000 -1.874
-1.874 -0.000 -1.874
-1.874 -0.000 -1.875
-1.874 -0.000 -1.874
-1.874 -0.000 -1.875
-1.874 -0.000 -1.875
-1.875 -0.000 -1.875
-1.874 -0.000 -1.875
-1.875 -0.000 -1.875
-1.875 -0.000 -1.875
-1.875 -0.000 -1.875
-1.875 -0.000 -1.875
-1.875 -0.000 -1.875
-1.875 -0.000 -1.875
-1.875 -0.000 -1.875
-1.875 -0.000 -1.875
-1.875 -0.000 -1.875
-1.875 -0.000 -1.875
-1.875 -0.000 -1.876
-1.875 -0.000 -1.876
-1.875 -0.000 -1.876
-1.875 -0.000 -1.876
-1.875 -0.000 -1.876
-1.875 -0.000 -1.876
-1.876 -0.000 -1.876
-1.876 -0.000 -1.876
-1.876 -0.000 -1.876
-1.876 -0.000 -1.876
-1.876 -0.000 -1.876
-1.876 -0.000 -1.876
-1.876 -0.000 -1.876
-1.876 -0.000 -1.876
-1.876 -0.000 -1.876
-1.876 -0.000 -1.876
-1.876 -0.000 -1.876
-1.876 -0.000 -1.876
-1.876 -0.000 -1.876
-1.876 -0.000 -1.876
-1.876 -0.000 -1.877
-1.876 -0.000 -1.877
-1.876 -0.000 -1.877
-1.876 -0.000 -1.877
-1.877 -0.000 -1.877
-1.876 -0.000 -1.877
-1.877 -0.000 -1.877
-1.876 -0.000 -1.877
-1.877 -0.000 -1.877
-1.877 -0.000 -1.877
-1.877 -0.000 -1.877
-1.877 -0.000 -1.877
-1.877 -0.000 -1.877
-1.877 -0.000 -1.877
-1.877 -0.000 -1.877
-1.877 -0.000 -1.877
-1.877 -0.000 -1.877
-1.877 -0.000 -1.877
-1.877 -0.000 -1.877
-1.877 -0.000 -1.877
-1.877 -0.000 -1.877
-1.877 -0.000 -1.877
-1.877 -0.000 -1.877
-1.877 -0.000 -1.878
-1.877 -0.000 -1.878
-1.877 -0.000 -1.878
-1.877 -0.000 -1.878
-1.877 -0.000 -1.878
-1.878 -0.000 -1.878
-1.878 -0.000 -1.878
-1.878 -0.000 -1.878
-1.878 -0.000 -1.878
-1.878 -0.000 -1.878
-1.878 -0.000 -1.878
-1.878 -0.000 -1.878
-1.878 -0.000 -1.878
-1.878 -0.000 -1.878
-1.878 -0.000 -1.878
-1.878 -0.000 -1.878
-1.878 -0.000 -1.878
-1.878 -0.000 -1.878
-1.878 -0.000 -1.878
-1.878 -0.000 -1.878
-1.878 -0.000 -1.878
-1.878 -0.000 -1.878
-1.878 -0.000 -1.879
-1.878 -0.000 -1.878
-1.878 -0.000 -1.879
-1.878 -0.000 -1.878
-1.878 -0.000 -1.879
-1.878 -0.000 -1.878
-1.878 -0.000 -1.879
-1.878 -0.000 -1.879
-1.878 -0.000 -1.879
-1.878 -0.000 -1.879
-1.878 -0.000 -1.879
-1.878 -0.000 -1.879
-1.878 -0.000 -1.879
-1.879 -0.000 -1.879
-1.878 -0.000 -1.879
-1.879 -0.000 -1.879
-1.879 -0.000 -1.879
-1.879 -0.000 -1.879
-1.879 -0.000 -1.879
-1.879 -0.000 -1.879
-1.879 -0.000 -1.879
-1.879 -0.000 -1.879
-1.879 -0.000 -1.879
-1.879 -0.000 -1.879
-1.879 -0.000 -1.879
-1.879 -0.000 -1.879
-1.879 -0.000 -1.879
-1.879 -0.000 -1.879
-1.879 -0.000 -1.879
-1.879 -0.000 -1.879
-1.879 -0.000 -1.879
-1.879 -0.000 -1.879
-1.879 -0.000 -1.879
-1.879 -0.000 -1.879
-1.879 -0.000 -1.879
-1.879 -0.000 -1.879
-1.879 -0.000 -1.879
-1.879 -0.000 -1.879
-1.879 -0.000 -1.879
-1.879 -0.000 -1.879
-1.879 -0.000 -1.879
-1.879 -0.000 -1.880
-1.879 -0.000 -1.879
-1.879 -0.000 -1.880
-1.879 -0.000 -1.880
-1.879 -0.000 -1.880
-1.879 -0.000 -1.880
-1.880 -0.000 -1.880
-1.879 -0.000 -1.880
-1.880 -0.000 -1.880
-1.879 -0.000 -1.880
-1.880 -0.000 -1.880
-1.879 -0.000 -1.880
-1.880 -0.000 -1.880
-1.879 -0.000 -1.880
-1.880 -0.000 -1.880
-1.879 -0.000 -1.880
-1.880 -0.000 -1.880
-1.879 -0.000 -1.880
-1.880 -0.000 -1.880
-1.880 -0.000 -1.880
-1.880 -0.000 -1.880
-1.880 -0.000 -1.880
-1.880 -0.000 -1.880
-1.880 -0.000 -1.880
-1.880 -0.000 -1.880
-1.880 -0.000 -1.880
-1.880 -0.000 -1.880
-1.880 -0.000 -1.880
-1.880 -0.000 -1.880
-1.880 -0.000 -1.880
-1.880 -0.000 -1.880
-1.880 -0.000 -1.880
-1.880 -0.000 -1.880
-1.880 -0.000 -1.880
-1.880 -0.000 -1.880
-1.880 -0.000 -1.880
-1.880 -0.000 -1.880
-1.880 -0.000 -1.880
-1.880 -0.000 -1.880
-1.880 -0.000 -1.880
-1.880 -0.000 -1.880
-1.880 -0.000 -1.880
-1.880 -0.000 -1.880
-1.880 -0.000 -1.880
-1.880 -0.000 -1.880
-1.880 -0.000 -1.880
-1.880 -0.000 -1.881
-1.880 -0.000 -1.880
-1.880 -0.000 -1.881
-1.880 -0.000 -1.881
-1.880 -0.000 -1.881
-1.880 -0.000 -1.881
-1.881 -0.000 -1.881
-1.880 -0.000 -1.881
-1.881 -0.000 -1.881
-1.880 -0.000 -1.881
-1.881 -0.000 -1.881
-1.880 -0.000 -1.881
-1.881 -0.000 -1.881
-1.881 -0.000 -1.881
-1.881 -0.000 -1.881
-1.881 -0.000 -1.881
-1.881 -0.000 -1.881
-1.881 -0.000 -1.881
-1.881 -0.000 -1.881
-1.881 -0.000 -1.881
-1.881 -0.000 -1.881
-1.881 -0.000 -1.881
-1.881 -0.000 -1.881
-1.881 -0.000 -1.881
-1.881 -0.000 -1.881
-1.881 -0.000 -1.881
-1.881 -0.000 -1.881
-1.881 -0.000 -1.881
-1.881 -0.000 -1.881
-1.881 -0.000 -1.881
-1.881 -0.000 -1.881
-1.881 -0.000 -1.881
-1.881 -0.000 -1.881
-1.881 -0.000 -1.881
-1.881 -0.000 -1.881
-1.881 -0.000 -1.881
-1.881 -0.000 -1.881
-1.881 -0.000 -1.881
-1.881 -0.000 -1.881
-1.881 -0.000 -1.881
-1.881 -0.000 -1.881
-1.881 -0.000 -1.881
-1.881 -0.000 -1.881
-1.881 -0.000 -1.881
-1.881 -0.000 -1.881
-1.881 -0.000 -1.881
-1.881 -0.000 -1.881
-1.881 -0.000 -1.881
-1.881 -0.000 -1.881
-1.881 -0.000 -1.881
-1.881 -0.000 -1.881
-1.881 -0.000 -1.881
-1.881 -0.000 -1.881
-1.881 -0.000 -1.881
-1.881 -0.000 -1.881
-1.881 -0.000 -1.881
-1.881 -0.000 -1.881
-1.881 -0.000 -1.881
-1.881 -0.000 -1.881
-1.881 -0.000 -1.881
-1.881 -0.000 -1.881
-1.881 -0.000 -1.881
-1.881 -0.000 -1.881
-1.881 -0.000 -1.881
-1.881 -0.000 -1.881
-1.881 -0.000 -1.881
-1.881 -0.000 -1.882
-1.881 -0.000 -1.881
-1.881 -0.000 -1.882
-1.881 -0.000 -1.881
-1.881 -0.000 -1.882
-1.881 -0.000 -1.882
-1.881 -0.000 -1.882
-1.881 -0.000 -1.882
-1.881 -0.000 -1.882
-1.881 -0.000 -1.882
-1.881 -0.000 -1.882
-1.881 -0.000 -1.882
-1.881 -0.000 -1.882
-1.881 -0.000 -1.882
-1.881 -0.000 -1.882
-1.882 -0.000 -1.882
-1.881 -0.000 -1.882
-1.882 -0.000 -1.882
-1.881 -0.000 -1.882
-1.882 -0.000 -1.882
-1.881 -0.000 -1.882
-1.882 -0.000 -1.882
-1.881 -0.000 -1.882
-1.882 -0.000 -1.882
-1.881 -0.000 -1.882
-1.882 -0.000 -1.882
-1.881 -0.000 -1.882
-1.882 -0.000 -1.882
-1.881 -0.000 -1.882
-1.882 -0.000 -1.882
-1.882 -0.000 -1.882
-1.882 -0.000 -1.882
-1.882 -0.000 -1.882
-1.882 -0.000 -1.882
-1.882 -0.000 -1.882
-1.882 -0.000 -1.882
-1.882 -0.000 -1.882
-1.882 -0.000 -1.882
-1.882 -0.000 -1.882
-1.882 -0.000 -1.882
-1.882 -0.000 -1.882
-1.882 -0.000 -1.882
-1.882 -0.000 -1.882
-1.882 -0.000 -1.882
-1.882 -0.000 -1.882
-1.882 -0.000 -1.882
-1.882 -0.000 -1.882
-1.882 -0.000 -1.882
-1.882 -0.000 -1.882
-1.882 -0.000 -1.882
-1.882 -0.000 -1.882
-1.882 -0.000 -1.882
-1.882 -0.000 -1.882
-1.882 -0.000 -1.882
-1.882 -0.000 -1.882
-1.882 -0.000 -1.882
-1.882 -0.000 -1.882
-1.882 -0.000 -1.882
-1.882 -0.000 -1.882
-1.882 -0.000 -1.882
-1.882 -0.000 -1.882
-1.882 -0.000 -1.882
-1.882 -0.000 -1.882
-1.882 -0.000 -1.882
-1.882 -0.000 -1.882
-1.882 -0.000 -1.882
-1.882 -0.000 -1.882
-1.882 -0.000 -1.882
-1.882 -0.000 -1.882
-1.882 -0.000 -1.882
-1.882 -0.000 -1.882
-1.882 -0.000 -1.882
-1.882 -0.000 -1.882
-1.882 -0.000 -1.882
-1.882 -0.000 -1.882
-1.882 -0.000 -1.882
-1.882 -0.000 -1.882
-1.882 -0.000 -1.882
-1.882 -0.000 -1.882
-1.882 -0.000 -1.882
-1.882 -0.000 -1.882
-1.882 -0.000 -1.882
-1.882 -0.000 -1.882
-1.882 -0.000 -1.882
-1.882 -0.000 -1.882
-1.882 -0.000 -1.882
-1.882 -0.000 -1.882
-1.882 -0.000 -1.882
-1.882 -0.000 -1.882
-1.882 -0.000 -1.882
-1.882 -0.000 -1.882
-1.882 -0.000 -1.882
-1.882 -0.000 -1.882
-1.882 -0.000 -1.882
-1.882 -0.000 -1.882
-1.882 -0.000 -1.882
-1.882 -0.000 -1.882
-1.882 -0.000 -1.882
-1.882 -0.000 -1.882
-1.882 -0.000 -1.882
-1.882 -0.000 -1.882
-1.882 -0.000 -1.882
-1.882 -0.000 -1.882
-1.882 -0.000 -1.882
-1.882 -0.000 -1.882
-1.882 -0.000 -1.882
-1.882 -0.000 -1.882
-1.882 -0.000 -1.882
-1.882 -0.000 -1.882
-1.882 -0.000 -1.882
-1.882 -0.000 -1.882
-1.882 -0.000 -1.882
-1.882 -0.000 -1.882
-1.882 -0.000 -1.882
-1.882 -0.000 -1.882
-1.882 -0.000 -1.882
-1.882 -0.000 -1.882
-1.882 -0.000 -1.882
-1.882 -0.000 -1.882
-1.882 -0.000 -1.882
-1.882 -0.000 -1.882
-1.882 -0.000 -1.882
-1.882 -0.000 -1.882
-1.882 -0.000 -1.882
-1.882 -0.000 -1.882
-1.882 -0.000 -1.882
-1.882 -0.000 -1.882
-1.882 -0.000 -1.883
-1.882 -0.000 -1.882
-1.882 -0.000 -1.883
-1.882 -0.000 -1.882
-1.882 -0.000 -1.883
-1.882 -0.000 -1.882
-1.882 -0.000 -1.883
-1.882 -0.000 -1.882
-1.882 -0.000 -1.882
-1.882 -0.000 -1.882
-1.882 -0.000 -1.882
-1.882 -0.000 -1.882
-1.882 -0.000 -1.882
-1.882 -0.000 -1.882
-1.882 -0.000 -1.882
-1.882 -0.000 -1.882
-1.882 -0.000 -1.882
-1.882 -0.000 -1.882
-1.882 -0.000 -1.882
-1.882 -0.000 -1.882
-1.882 -0.000 -1.882
-1.882 -0.000 -1.882
-1.882 -0.000 -1.883
-1.882 -0.000 -1.882
-1.882 -0.000 -1.882
-1.882 -0.000 -1.882
-1.882 -0.000 -1.882
-1.882 -0.000 -1.882
-1.882 -0.000 -1.882
-1.882 -0.000 -1.882
-1.882 -0.000 -1.883
-1.882 -0.000 -1.882
-1.882 -0.000 -1.883
-1.882 -0.000 -1.882
-1.882 -0.000 -1.883
-1.882 -0.000 -1.882
-1.882 -0.000 -1.883
-1.882 -0.000 -1.882
-1.882 -0.000 -1.883
-1.882 -0.000 -1.882
-1.882 -0.000 -1.883
-1.882 -0.000 -1.882
-1.882 -0.000 -1.883
-1.882 -0.000 -1.882
-1.882 -0.000 -1.883
-1.882 -0.000 -1.882
-1.882 -0.000 -1.883
-1.882 -0.000 -1.883
-1.882 -0.000 -1.883
-1.882 -0.000 -1.882
-1.882 -0.000 -1.883
-1.882 -0.000 -1.883
-1.882 -0.000 -1.883
-1.882 -0.000 -1.883
-1.882 -0.000 -1.883
-1.882 -0.000 -1.883
-1.882 -0.000 -1.883
-1.882 -0.000 -1.883
-1.882 -0.000 -1.883
-1.882 -0.000 -1.883
-1.882 -0.000 -1.883
-1.882 -0.000 -1.883
-1.882 -0.000 -1.883
-1.882 -0.000 -1.883
-1.882 -0.000 -1.883
-1.882 -0.000 -1.883
-1.882 -0.000 -1.883
-1.882 -0.000 -1.883
-1.882 -0.000 -1.883
-1.882 -0.000 -1.883
-1.882 -0.000 -1.883
-1.882 -0.000 -1.883
-1.882 -0.000 -1.883
-1.882 -0.000 -1.883
-1.883 -0.000 -1.883
-1.882 -0.000 -1.883
-1.883 -0.000 -1.883
-1.882 -0.000 -1.883
-1.883 -0.000 -1.883
-1.883 -0.000 -1.883
-1.883 -0.000 -1.883
-1.882 -0.000 -1.883
-1.883 -0.000 -1.883
-1.883 -0.000 -1.883
-1.883 -0.000 -1.883
-1.883 -0.000 -1.883
-1.883 -0.000 -1.883
-1.883 -0.000 -1.883
-1.883 -0.000 -1.883
-1.883 -0.000 -1.883
-1.883 -0.000 -1.883
-1.883 -0.000 -1.883
-1.883 -0.000 -1.883
-1.883 -0.000 -1.883
-1.883 -0.000 -1.883
-1.883 -0.000 -1.883
-1.883 -0.000 -1.883
-1.883 -0.000 -1.883
-1.883 -0.000 -1.883
-1.883 -0.000 -1.883
-1.883 -0.000 -1.883
-1.883 -0.000 -1.883
-1.883 -0.000 -1.883
-1.883 -0.000 -1.883
-1.883 -0.000 -1.883
-1.883 -0.000 -1.883
-1.883 -0.000 -1.883
-1.883 -0.000 -1.883
-1.883 -0.000 -1.883
-1.883 -0.000 -1.883
-1.883 -0.000 -1.883
-1.883 -0.000 -1.883
-1.883 -0.000 -1.883
-1.883 -0.000 -1.883
-1.883 -0.000 -1.883
-1.883 -0.000 -1.883
-1.883 -0.000 -1.883
-1.883 -0.000 -1.883
-1.883 -0.000 -1.883
-1.883 -0.000 -1.883
-1.883 -0.000 -1.883
-1.883 -0.000 -1.883
-1.883 -0.000 -1.883
-1.883 -0.000 -1.883
-1.883 -0.000 -1.883
-1.883 -0.000 -1.883
-1.883 -0.000 -1.883
-1.883 -0.000 -1.883
-1.883 -0.000 -1.883
-1.883 -0.000 -1.883
-1.883 -0.000 -1.883
-1.883 -0.000 -1.883
-1.883 -0.000 -1.883
-1.883 -0.000 -1.883
-1.883 -0.000 -1.883
-1.883 -0.000 -1.883
-1.883 -0.000 -1.883
-1.883 -0.000 -1.883
-1.883 -0.000 -1.883
-1.883 -0.000 -1.883
-1.883 -0.000 -1.883
-1.883 -0.000 -1.883
-1.883 -0.000 -1.883
-1.883 -0.000 -1.883
-1.883 -0.000 -1.883
-1.883 -0.000 -1.883
-1.883 -0.000 -1.883
-1.883 -0.000 -1.883
-1.883 -0.000 -1.883
-1.883 -0.000 -1.883
-1.883 -0.000 -1.883
-1.883 -0.000 -1.883
-1.883 -0.000 -1.883
-1.883 -0.000 -1.883
-1.883 -0.000 -1.883
-1.883 -0.000 -1.883
-1.883 -0.000 -1.883
-1.883 -0.000 -1.883
-1.883 -0.000 -1.883
-1.883 -0.000 -1.883
-1.883 -0.000 -1.883
-1.883 -0.000 -1.883
-1.883 -0.000 -1.883
-1.883 -0.000 -1.883
-1.883 -0.000 -1.883
-1.883 -0.000 -1.883
-1.883 -0.000 -1.883
-1.883 -0.000 -1.883
-1.883 -0.000 -1.883
-1.883 -0.000 -1.883
-1.883 -0.000 -1.883
-1.883 -0.000 -1.883
-1.883 -0.000 -1.883
-1.883 -0.000 -1.883
-1.883 -0.000 -1.883
-1.883 -0.000 -1.883
-1.883 -0.000 -1.883
-1.883 -0.000 -1.883
-1.883 -0.000 -1.883
-1.883 -0.000 -1.883
-1.883 -0.000 -1.883
-1.883 -0.000 -1.883
-1.883 -0.000 -1.883
-1.883 -0.000 -1.883
-1.883 -0.000 -1.883
-1.883 -0.000 -1.883
-1.883 -0.000 -1.883
-1.883 -0.000 -1.883
-1.883 -0.000 -1.883
-1.883 -0.000 -1.883
-1.883 -0.000 -1.883
-1.883 -0.000 -1.883
-1.883 -0.000 -1.883
-1.883 -0.000 -1.883
-1.883 -0.000 -1.883
-1.883 -0.000 -1.883
-1.883 -0.000 -1.883
-1.883 -0.000 -1.883
-1.883 -0.000 -1.883
-1.883 -0.000 -1.883
-1.883 -0.000 -1.883
-1.883 -0.000 -1.883
-1.883 -0.000 -1.883
-1.883 -0.000 -1.883
-1.883 -0.000 -1.883
-1.883 -0.000 -1.883
-1.883 -0.000 -1.883
-1.883 -0.000 -1.883
-1.883 -0.000 -1.883
-1.883 -0.000 -1.883
-1.883 -0.000 -1.883
-1.883 -0.000 -1.883
-1.883 -0.000 -1.883
-1.883 -0.000 -1.883
-1.883 -0.000 -1.883
-1.883 -0.000 -1.883
-1.883 -0.000 -1.883
-1.883 -0.000 -1.883
-1.883 -0.000 -1.883
-1.883 -0.000 -1.883
-1.883 -0.000 -1.883
-1.883 -0.000 -1.883
-1.883 -0.000 -1.883
-1.883 -0.000 -1.883
-1.883 -0.000 -1.883
-1.883 -0.000 -1.883
-1.883 -0.000 -1.883
-1.883 -0.000 -1.883
-1.883 -0.000 -1.883
-1.883 -0.000 -1.883
-1.883 -0.000 -1.883
-1.883 -0.000 -1.883
-1.883 -0.000 -1.883
-1.883 -0.000 -1.883
-1.883 -0.000 -1.883
-1.883 -0.000 -1.883
-1.883 -0.000 -1.883
-1.883 -0.000 -1.883
-1.883 -0.000 -1.883
-1.883 -0.000 -1.883
-1.883 -0.000 -1.883
-1.883 -0.000 -1.883
-1.883 -0.000 -1.883
-1.883 -0.000 -1.883
-1.883 -0.000 -1.883
-1.883 -0.000 -1.883
-1.883 -0.000 -1.883
-1.883 -0.000 -1.883
-1.883 -0.000 -1.883
-1.883 -0.000 -1.883
-1.883 -0.000 -1.883
-1.883 -0.000 -1.884
-1.883 -0.000 -1.883
-1.883 -0.000 -1.883
-1.883 -0.000 -1.883
-1.883 -0.000 -1.883
-1.883 -0.000 -1.883
-1.883 -0.000 -1.883
-1.883 -0.000 -1.883
-1.883 -0.000 -1.883
-1.883 -0.000 -1.883
-1.883 -0.000 -1.883
-1.883 -0.000 -1.883
-1.883 -0.000 -1.883
-1.883 -0.000 -1.883
-1.883 -0.000 -1.883
-1.883 -0.000 -1.883
-1.883 -0.000 -1.883
-1.883 -0.000 -1.883
-1.883 -0.000 -1.883
-1.883 -0.000 -1.883
-1.883 -0.000 -1.883
-1.883 -0.000 -1.883
-1.883 -0.000 -1.883
-1.883 -0.000 -1.883
-1.883 -0.000 -1.884
-1.883 -0.000 -1.883
-1.883 -0.000 -1.884
-1.883 -0.000 -1.883
-1.883 -0.000 -1.884
-1.883 -0.000 -1.883
-1.883 -0.000 -1.884
-1.883 -0.000 -1.883
-1.883 -0.000 -1.883
-1.883 -0.000 -1.883
-1.883 -0.000 -1.883
-1.883 -0.000 -1.883
-1.883 -0.000 -1.883
-1.883 -0.000 -1.883
-1.883 -0.000 -1.883
-1.883 -0.000 -1.883
-1.883 -0.000 -1.883
-1.883 -0.000 -1.883
-1.883 -0.000 -1.883
-1.883 -0.000 -1.883
-1.883 -0.000 -1.883
-1.883 -0.000 -1.883
-1.883 -0.000 -1.883
-1.883 -0.000 -1.883
-1.883 -0.000 -1.883
-1.883 -0.000 -1.883
-1.883 -0.000 -1.883
-1.883 -0.000 -1.883
-1.883 -0.000 -1.883
-1.883 -0.000 -1.883
-1.883 -0.000 -1.883
-1.883 -0.000 -1.883
-1.883 -0.000 -1.883
-1.883 -0.000 -1.883
-1.883 -0.000 -1.883
-1.883 -0.000 -1.883
-1.883 -0.000 -1.883
-1.883 -0.000 -1.883
-1.883 -0.000 -1.883
-1.883 -0.000 -1.883
-1.883 -0.000 -1.883
-1.883 -0.000 -1.883
-1.883 -0.000 -1.883
-1.883 -0.000 -1.883
-1.883 -0.000 -1.883
-1.883 -0.000 -1.883
-1.883 -0.000 -1.883
-1.883 -0.000 -1.883
-1.883 -0.000 -1.883
-1.883 -0.000 -1.883
-1.883 -0.000 -1.883
-1.883 -0.000 -1.883
-1.883 -0.000 -1.883
-1.883 -0.000 -1.883
-1.883 -0.000 -1.883
-1.883 -0.000 -1.883
-1.883 -0.000 -1.883
-1.883 -0.000 -1.883
-1.883 -0.000 -1.883
-1.883 -0.000 -1.883
-1.883 -0.000 -1.883
-1.883 -0.000 -1.883
-1.883 -0.000 -1.883
-1.883 -0.000 -1.883
-1.883 -0.000 -1.883
-1.883 -0.000 -1.883
-1.883 -0.000 -1.883
-1.883 -0.000 -1.883
-1.883 -0.000 -1.883
-1.883 -0.000 -1.883
-1.883 -0.000 -1.883
-1.883 -0.000 -1.883
-1.883 -0.000 -1.883
-1.883 -0.000 -1.883
-1.883 -0.000 -1.883
-1.883 -0.000 -1.883
-1.883 -0.000 -1.883
-1.883 -0.000 -1.883
-1.883 -0.000 -1.883
-1.883 -0.000 -1.883
-1.883 -0.000 -1.883
-1.883 -0.000 -1.883
-1.883 -0.000 -1.883
-1.883 -0.000 -1.883
-1.883 -0.000 -1.883
-1.883 -0.000 -1.883
-1.883 -0.000 -1.883
-1.883 -0.000 -1.883
-1.883 -0.000 -1.883
-1.883 -0.000 -1.883
-1.883 -0.000 -1.883
-1.883 -0.000 -1.883
-1.883 -0.000 -1.883
-1.883 -0.000 -1.883
-1.883 -0.000 -1.883
-1.883 -0.000 -1.883
-1.883 -0.000 -1.883
-1.883 -0.000 -1.883
-1.883 -0.000 -1.883
-1.883 -0.000 -1.883
-1.883 -0.000 -1.883
-1.883 -0.000 -1.883
-1.883 -0.000 -1.883
-1.883 -0.000 -1.883
-1.883 -0.000 -1.883
-1.883 -0.000 -1.883
-1.883 -0.000 -1.883
-1.883 -0.000 -1.883
-1.883 -0.000 -1.883
-1.883 -0.000 -1.883
-1.883 -0.000 -1.883
-1.883 -0.000 -1.883
-1.883 -0.000 -1.883
-1.883 -0.000 -1.883
-1.883 -0.000 -1.883
-1.883 -0.000 -1.883
-1.883 -0.000 -1.883
-1.883 -0.000 -1.883
-1.883 -0.000 -1.883
-1.883 -0.000 -1.883
-1.883 -0.000 -1.883
-1.883 -0.000 -1.883
-1.883 -0.000 -1.883
-1.883 -0.000 -1.883
-1.883 -0.000 -1.883
-1.883 -0.000 -1.883
-1.883 -0.000 -1.883
-1.883 -0.000 -1.883
-1.883 -0.000 -1.883
-1.883 -0.000 -1.883
-1.883 -0.000 -1.883
-1.883 -0.000 -1.883
-1.883 -0.000 -1.883
-1.883 -0.000 -1.883
-1.883 -0.000 -1.883
-1.883 -0.000 -1.883
-1.883 -0.000 -1.883
-1.883 -0.000 -1.883
-1.883 -0.000 -1.883
-1.883 -0.000 -1.883
-1.883 -0.000 -1.883
-1.883 -0.000 -1.883
-1.883 -0.000 -1.883
-1.883 -0.000 -1.883
-1.883 -0.000 -1.883
-1.883 -0.000 -1.883
-1.883 -0.000 -1.883
-1.883 -0.000 -1.883
-1.883 -0.000 -1.883
-1.883 -0.000 -1.883
-1.883 -0.000 -1.883
-1.883 -0.000 -1.883
-1.883 -0.000 -1.883
-1.883 -0.000 -1.883
-1.883 -0.000 -1.883
-1.883 -0.000 -1.883
-1.883 -0.000 -1.883
-1.883 -0.000 -1.883
-1.883 -0.000 -1.883
-1.883 -0.000 -1.883
-1.883 -0.000 -1.883
-1.883 -0.000 -1.883
-1.883 -0.000 -1.883
-1.883 -0.000 -1.883
-1.883 -0.000 -1.883
-1.883 -0.000 -1.883
-1.883 -0.000 -1.883
-1.883 -0.000 -1.883
-1.883 -0.000 -1.883
-1.883 -0.000 -1.883
-1.883 -0.000 -1.883
-1.883 -0.000 -1.883
-1.883 -0.000 -1.883
-1.883 -0.000 -1.883
-1.883 -0.000 -1.883
-1.883 -0.000 -1.883
-1.883 -0.000 -1.883
-1.883 -0.000 -1.883
-1.883 -0.000 -1.883
-1.883 -0.000 -1.883
-1.883 -0.000 -1.883
-1.883 -0.000 -1.883
-1.883 -0.000 -1.883
-1.883 -0.000 -1.883
-1.883 -0.000 -1.883
-1.883 -0.000 -1.883
-1.883 -0.000 -1.883
-1.883 -0.000 -1.883
-1.883 -0.000 -1.883
-1.883 -0.000 -1.883
-1.883 -0.000 -1.883
-1.883 -0.000 -1.883
-1.883 -0.000 -1.883
-1.883 -0.000 -1.883
-1.883 -0.000 -1.883
-1.883 -0.000 -1.883
-1.883 -0.000 -1.883
-1.883 -0.000 -1.883
-1.883 -0.000 -1.883
-1.883 -0.000 -1.883
-1.883 -0.000 -1.883
-1.883 -0.000 -1.883
-1.883 -0.000 -1.883
-1.883 -0.000 -1.883
-1.883 -0.000 -1.883
-1.883 -0.000 -1.883
-1.883 -0.000 -1.883
-1.883 -0.000 -1.883
-1.883 -0.000 -1.883
-1.883 -0.000 -1.883
-1.883 -0.000 -1.883
-1.883 -0.000 -1.883
-1.883 -0.000 -1.883
-1.883 -0.000 -1.883
-1.883 -0.000 -1.883
-1.883 -0.000 -1.883
-1.883 -0.000 -1.883
-1.883 -0.000 -1.883
-1.883 -0.000 -1.883
-1.883 -0.000 -1.883
-1.883 -0.000 -1.883
-1.883 -0.000 -1.883
-1.883 -0.000 -1.883
-1.883 -0.000 -1.883
-1.883 -0.000 -1.883
-1.883 -0.000 -1.883
-1.883 -0.000 -1.883
-1.883 -0.000 -1.883
-1.883 -0.000 -1.883
-1.883 -0.000 -1.883
-1.883 -0.000 -1.883
-1.883 -0.000 -1.883
-1.883 -0.000 -1.883
-1.883 -0.000 -1.883
-1.883 -0.000 -1.883
-1.883 -0.000 -1.883
-1.883 -0.000 -1.883
-1.883 -0.000 -1.883
-1.883 -0.000 -1.883
-1.883 -0.000 -1.883
-1.883 -0.000 -1.883
-1.883 -0.000 -1.883
-1.883 -0.000 -1.883
-1.883 -0.000 -1.883
-1.883 -0.000 -1.883
-1.883 -0.000 -1.883
-1.883 -0.000 -1.883
-1.883 -0.000 -1.883
-1.883 -0.000 -1.883
-1.883 -0.000 -1.883
-1.883 -0.000 -1.883
-1.883 -0.000 -1.883
-1.883 -0.000 -1.883
-1.883 -0.000 -1.883
-1.883 -0.000 -1.883
-1.883 -0.000 -1.883
-1.883 -0.000 -1.883
-1.883 -0.000 -1.883
-1.883 -0.000 -1.883
-1.883 -0.000 -1.883
-1.883 -0.000 -1.883
-1.883 -0.000 -1.883
-1.883 -0.000 -1.883
-1.883 -0.000 -1.883
-1.883 -0.000 -1.883
-1.883 -0.000 -1.883
-1.883 -0.000 -1.883
-1.883 -0.000 -1.883
-1.883 -0.000 -1.883
-1.883 -0.000 -1.883
-1.883 -0.000 -1.883
-1.883 -0.000 -1.883
-1.883 -0.000 -1.883
-1.883 -0.000 -1.883
-1.883 -0.000 -1.883
-1.883 -0.000 -1.883
-1.883 -0.000 -1.883
-1.883 -0.000 -1.883
-1.883 -0.000 -1.883
-1.883 -0.000 -1.883
-1.883 -0.000 -1.883
-1.883 -0.000 -1.883
-1.883 -0.000 -1.883
-1.883 -0.000 -1.883
-1.883 -0.000 -1.883
-1.883 -0.000 -1.883
-1.883 -0.000 -1.883
-1.883 -0.000 -1.883
-1.883 -0.000 -1.883
-1.883 -0.000 -1.883
-1.883 -0.000 -1.883
-1.883 -0.000 -1.883
-1.883 -0.000 -1.883
-1.883 -0.000 -1.883
-1.883 -0.000 -1.883
-1.883 -0.000 -1.883
-1.883 -0.000 -1.883
-1.883 -0.000 -1.883
-1.883 -0.000 -1.883
-1.883 -0.000 -1.883
-1.883 -0.000 -1.883
-1.883 -0.000 -1.883
-1.883 -0.000 -1.883
-1.883 -0.000 -1.883
-1.883 -0.000 -1.883
-1.883 -0.000 -1.883
-1.883 -0.000 -1.883
-1.883 -0.000 -1.883
-1.883 -0.000 -1.883
-1.883 -0.000 -1.883
-1.883 -0.000 -1.883
-1.883 -0.000 -1.883
-1.883 -0.000 -1.883
-1.883 -0.000 -1.883
-1.883 -0.000 -1.883
-1.883 -0.000 -1.883
-1.883 -0.000 -1.883
-1.883 -0.000 -1.883
-1.883 -0.000 -1.883
-1.883 -0.000 -1.883
-1.883 -0.000 -1.883
-1.883 -0.000 -1.883
-1.883 -0.000 -1.883
-1.883 -0.000 -1.883
-1.883 -0.000 -1.883
-1.883 -0.000 -1.883
-1.883 -0.000 -1.883
-1.883 -0.000 -1.883
-1.883 -0.000 -1.883
-1.883 -0.000 -1.883
-1.883 -0.000 -1.883
-1.883 -0.000 -1.883
-1.883 -0.000 -1.883
-1.883 -0.000 -1.883
-1.883 -0.000 -1.883
-1.883 -0.000 -1.883
-1.883 -0.000 -1.883
-1.883 -0.000 -1.883
-1.883 -0.000 -1.883
-1.883 -0.000 -1.883
-1.883 -0.000 -1.883
-1.883 -0.000 -1.883
-1.883 -0.000 -1.883
-1.883 -0.000 -1.883
-1.883 -0.000 -1.883
-1.883 -0.000 -1.883
-1.883 -0.000 -1.883
-1.883 -0.000 -1.883
-1.883 -0.000 -1.883
-1.883 -0.000 -1.883
-1.883 -0.000 -1.883
-1.883 -0.000 -1.883
-1.883 -0.000 -1.883
-1.883 -0.000 -1.883
-1.883 -0.000 -1.883
-1.883 -0.000 -1.883
-1.883 -0.000 -1.883
-1.883 -0.000 -1.883
-1.883 -0.000 -1.883
-1.883 -0.000 -1.883
-1.883 -0.000 -1.883
-1.883 -0.000 -1.883
-1.883 -0.000 -1.883
-1.883 -0.000 -1.883
-1.883 -0.000 -1.883
-1.883 -0.000 -1.883
-1.883 -0.000 -1.883
-1.883 -0.000 -1.883
-1.883 -0.000 -1.883
-1.883 -0.000 -1.883
-1.883 -0.000 -1.883
-1.883 -0.000 -1.883
-1.883 -0.000 -1.883
-1.883 -0.000 -1.883
-1.883 -0.000 -1.883
-1.883 -0.000 -1.883
-1.883 -0.000 -1.883
-1.883 -0.000 -1.883
-1.883 -0.000 -1.883
-1.883 -0.000 -1.883
-1.883 -0.000 -1.883
-1.883 -0.000 -1.883
-1.883 -0.000 -1.883
-1.883 -0.000 -1.883
-1.883 -0.000 -1.883
-1.883 -0.000 -1.883
-1.883 -0.000 -1.883
-1.883 -0.000 -1.883
-1.883 -0.000 -1.883
-1.883 -0.000 -1.883
-1.883 -0.000 -1.883
-1.883 -0.000 -1.884
-1.883 -0.000 -1.883
-1.883 -0.000 -1.884
-1.883 -0.000 -1.883
-1.883 -0.000 -1.884
-1.883 -0.000 -1.883
-1.883 -0.000 -1.883
-1.883 -0.000 -1.883
-1.883 -0.000 -1.884
-1.883 -0.000 -1.883
-1.883 -0.000 -1.884
-1.883 -0.000 -1.883
-1.883 -0.000 -1.884
-1.883 -0.000 -1.883
-1.883 -0.000 -1.884
-1.883 -0.000 -1.883
-1.883 -0.000 -1.883
-1.883 -0.000 -1.883
-1.883 -0.000 -1.884
-1.883 -0.000 -1.883
-1.883 -0.000 -1.884
-1.883 -0.000 -1.883
-1.883 -0.000 -1.884
-1.883 -0.000 -1.883
-1.883 -0.001 -1.884
-1.883 -0.000 -1.883
-1.883 -0.000 -1.883
-1.883 -0.000 -1.883
-1.883 -0.000 -1.883
-1.883 -0.000 -1.883
-1.883 -0.000 -1.884
-1.883 -0.000 -1.883
-1.883 -0.000 -1.884
-1.883 -0.000 -1.883
-1.883 -0.000 -1.883
-1.883 -0.000 -1.883
-1.883 -0.000 -1.883
-1.883 -0.000 -1.883
-1.883 -0.000 -1.884
-1.883 -0.000 -1.883
-1.883 -0.000 -1.884
-1.883 -0.000 -1.883
-1.883 -0.000 -1.884
-1.883 -0.000 -1.883
-1.883 -0.000 -1.883
-1.883 -0.000 -1.883
-1.883 -0.000 -1.883
-1.883 -0.000 -1.883
-1.883 -0.000 -1.883
-1.883 -0.000 -1.883
-1.883 -0.000 -1.883
-1.883 -0.000 -1.883
-1.883 -0.000 -1.883
-1.883 -0.000 -1.883
-1.883 -0.000 -1.883
-1.883 -0.000 -1.883
-1.883 -0.000 -1.883
-1.883 -0.000 -1.883
-1.883 -0.000 -1.883
-1.883 -0.000 -1.883
-1.883 -0.000 -1.883
-1.883 -0.000 -1.883
-1.883 -0.000 -1.883
-1.883 -0.000 -1.883
-1.883 -0.000 -1.884
-1.883 -0.000 -1.883
-1.883 -0.000 -1.884
-1.883 -0.000 -1.883
-1.883 -0.000 -1.884
-1.883 -0.000 -1.883
-1.883 -0.000 -1.883
-1.883 -0.000 -1.883
-1.883 -0.000 -1.883
-1.883 -0.000 -1.883
-1.883 -0.001 -1.883
-1.883 -0.000 -1.883
-1.883 -0.001 -1.883
-1.883 -0.000 -1.883
-1.883 -0.000 -1.883
-1.883 -0.000 -1.883
-1.883 -0.000 -1.883
-1.883 -0.000 -1.883
-1.883 -0.001 -1.883
-1.883 -0.000 -1.883
-1.883 -0.001 -1.883
-1.883 -0.000 -1.883
-1.883 -0.001 -1.883
-1.883 -0.000 -1.883
-1.883 -0.000 -1.883
-1.883 -0.000 -1.883
-1.883 -0.000 -1.883
-1.883 -0.000 -1.883
-1.883 -0.000 -1.883
-1.883 -0.000 -1.883
-1.883 -0.001 -1.883
-1.883 -0.000 -1.883
-1.883 -0.001 -1.883
-1.883 -0.000 -1.883
-1.883 -0.001 -1.883
-1.883 -0.000 -1.883
-1.883 -0.001 -1.883
-1.883 -0.000 -1.883
-1.883 -0.001 -1.883
-1.883 -0.000 -1.883
-1.883 -0.001 -1.883
-1.883 -0.000 -1.883
-1.883 -0.001 -1.883
-1.883 -0.000 -1.883
-1.883 -0.001 -1.883
-1.883 -0.000 -1.883
-1.883 -0.000 -1.883
-1.883 -0.000 -1.883
-1.883 -0.000 -1.883
-1.883 -0.000 -1.883
-1.883 -0.000 -1.883
-1.883 -0.000 -1.883
-1.883 -0.001 -1.883
-1.883 -0.000 -1.883
-1.883 -0.000 -1.883
-1.883 -0.000 -1.883
-1.883 -0.000 -1.883
-1.883 -0.000 -1.883
-1.883 -0.000 -1.883
-1.883 -0.000 -1.883
-1.883 -0.000 -1.883
-1.883 -0.000 -1.883
-1.883 -0.000 -1.883
-1.883 -0.000 -1.883
-1.883 -0.000 -1.883
-1.883 -0.000 -1.883
-1.883 -0.000 -1.883
-1.883 -0.000 -1.883
-1.883 -0.000 -1.883
-1.883 -0.000 -1.883
-1.883 -0.000 -1.883
-1.883 -0.000 -1.883
-1.883 -0.000 -1.883
-1.883 -0.000 -1.883
-1.883 -0.000 -1.883
-1.883 -0.000 -1.883
-1.883 -0.000 -1.883
-1.883 -0.000 -1.883
-1.883 -0.000 -1.883
-1.883 -0.000 -1.883
-1.883 -0.000 -1.883
-1.883 -0.000 -1.883
-1.883 -0.000 -1.883
-1.883 -0.000 -1.883
-1.883 -0.000 -1.883
-1.883 -0.000 -1.883
-1.883 -0.000 -1.883
-1.883 -0.000 -1.883
-1.883 -0.000 -1.883
-1.883 -0.000 -1.883
-1.883 -0.000 -1.883
-1.883 -0.000 -1.883
-1.883 -0.000 -1.883
-1.883 -0.000 -1.883
-1.883 -0.000 -1.883
-1.883 -0.000 -1.883
-1.883 -0.000 -1.883
-1.883 -0.000 -1.883
-1.883 -0.000 -1.883
-1.883 -0.000 -1.883
-1.883 -0.000 -1.883
-1.883 -0.000 -1.883
-1.883 -0.000 -1.883
-1.883 -0.000 -1.883
-1.883 -0.000 -1.883
-1.883 -0.000 -1.883
-1.883 -0.000 -1.883
-1.883 -0.000 -1.883
-1.883 -0.000 -1.883
-1.883 -0.001 -1.883
-1.883 -0.000 -1.883
-1.883 -0.001 -1.883
-1.883 -0.000 -1.883
-1.883 -0.001 -1.883
-1.883 -0.000 -1.883
-1.883 -0.001 -1.883
-1.883 -0.000 -1.883
-1.883 -0.001 -1.883
-1.883 -0.000 -1.883
-1.883 -0.001 -1.883
-1.883 -0.000 -1.883
-1.883 -0.000 -1.883
-1.883 -0.000 -1.883
-1.883 -0.000 -1.883
-1.883 -0.000 -1.883
-1.883 -0.000 -1.883
-1.883 -0.000 -1.883
-1.883 -0.000 -1.883
-1.883 -0.000 -1.883
-1.883 -0.000 -1.883
-1.883 -0.000 -1.883
-1.883 -0.000 -1.883
-1.883 -0.000 -1.883
-1.883 -0.000 -1.883
-1.883 -0.000 -1.883
-1.883 -0.000 -1.883
-1.883 -0.000 -1.883
-1.883 -0.000 -1.883
-1.883 -0.000 -1.883
-1.883 -0.000 -1.883
-1.883 -0.000 -1.883
-1.883 -0.000 -1.883
-1.883 -0.000 -1.883
-1.883 -0.000 -1.883
-1.883 -0.000 -1.883
-1.883 -0.000 -1.883
-1.883 -0.000 -1.883
-1.883 -0.000 -1.883
-1.883 -0.000 -1.883
-1.883 -0.000 -1.883
-1.883 -0.000 -1.883
-1.883 -0.000 -1.883
-1.883 -0.000 -1.883
-1.883 -0.000 -1.883
-1.883 -0.000 -1.883
-1.883 -0.000 -1.883
-1.883 -0.000 -1.883
-1.883 -0.000 -1.883
-1.883 -0.000 -1.883
-1.883 -0.000 -1.883
-1.883 -0.000 -1.883
-1.883 -0.000 -1.883
-1.883 -0.000 -1.883
-1.883 -0.000 -1.883
-1.883 -0.000 -1.883
-1.883 -0.000 -1.883
-1.883 -0.000 -1.883
-1.883 -0.000 -1.883
-1.883 -0.000 -1.883
-1.883 -0.000 -1.883
-1.883 -0.000 -1.883
-1.883 -0.000 -1.883
-1.883 -0.000 -1.883
-1.883 -0.000 -1.883
-1.883 -0.000 -1.883
-1.883 -0.000 -1.883
-1.883 -0.000 -1.883
-1.883 -0.000 -1.883
-1.883 -0.000 -1.883
-1.883 -0.000 -1.883
-1.883 -0.000 -1.883
-1.883 -0.000 -1.883
-1.883 -0.000 -1.883
-1.883 -0.000 -1.883
-1.883 -0.000 -1.883
-1.883 -0.000 -1.883
-1.883 -0.000 -1.883
-1.883 -0.000 -1.883
-1.883 -0.000 -1.883
-1.883 -0.000 -1.883
-1.883 -0.000 -1.883
-1.883 -0.000 -1.883
-1.883 -0.000 -1.883
-1.883 -0.000 -1.883
-1.883 -0.000 -1.883
-1.883 -0.000 -1.883
-1.883 -0.000 -1.883
-1.883 -0.000 -1.883
-1.883 -0.000 -1.883
-1.883 -0.000 -1.883
-1.883 -0.000 -1.883
-1.883 -0.000 -1.883
-1.883 -0.000 -1.883
-1.883 -0.000 -1.883
-1.883 -0.000 -1.883
-1.883 -0.000 -1.883
-1.883 -0.000 -1.883
-1.883 -0.000 -1.883
-1.883 -0.000 -1.883
-1.883 -0.000 -1.883
-1.883 -0.000 -1.883
-1.883 -0.000 -1.883
-1.883 -0.000 -1.883
-1.883 -0.000 -1.883
-1.883 -0.000 -1.883
-1.883 -0.000 -1.883
-1.883 -0.000 -1.883
-1.883 -0.000 -1.883
-1.883 -0.000 -1.883
-1.883 -0.000 -1.883
-1.883 -0.000 -1.883
-1.883 -0.000 -1.883
-1.883 -0.000 -1.883
-1.883 -0.000 -1.883
-1.883 -0.000 -1.883
-1.883 -0.000 -1.883
-1.883 -0.000 -1.883
-1.883 -0.000 -1.883
-1.883 -0.000 -1.883
-1.883 -0.000 -1.883
-1.883 -0.000 -1.883
-1.883 -0.000 -1.883
-1.883 -0.000 -1.883
-1.883 -0.000 -1.883
-1.883 -0.000 -1.883
-1.883 -0.000 -1.883
-1.883 -0.000 -1.883
-1.883 -0.000 -1.883
-1.883 -0.000 -1.883
-1.883 -0.000 -1.883
-1.883 -0.000 -1.883
-1.883 -0.000 -1.883
-1.883 -0.000 -1.883
-1.883 -0.000 -1.883
-1.883 -0.000 -1.883
-1.883 -0.000 -1.883
-1.883 -0.000 -1.884
-1.883 -0.000 -1.883
-1.883 -0.000 -1.883
-1.883 -0.000 -1.883
-1.883 -0.000 -1.883
-1.883 -0.000 -1.883
-1.883 -0.000 -1.883
-1.883 -0.000 -1.883
-1.883 -0.000 -1.883
-1.883 -0.000 -1.883
-1.883 -0.000 -1.883
-1.883 -0.000 -1.883
-1.883 -0.000 -1.884
-1.883 -0.000 -1.883
-1.883 -0.000 -1.883
-1.883 -0.000 -1.883
-1.883 -0.000 -1.883
-1.883 -0.000 -1.883
-1.883 -0.000 -1.883
-1.883 -0.000 -1.883
-1.883 -0.000 -1.883
-1.883 -0.000 -1.883
-1.883 -0.000 -1.883
-1.883 -0.000 -1.883
-1.883 -0.000 -1.883
-1.883 -0.000 -1.883
-1.883 -0.000 -1.883
-1.883 -0.000 -1.883
-1.883 -0.000 -1.883
-1.883 -0.000 -1.883
-1.883 -0.000 -1.883
-1.883 -0.000 -1.883
-1.883 -0.000 -1.883
-1.883 -0.000 -1.883
-1.883 -0.000 -1.883
-1.883 -0.000 -1.883
-1.883 -0.000 -1.883
-1.883 -0.000 -1.883
-1.883 -0.000 -1.883
-1.883 -0.000 -1.883
-1.883 -0.000 -1.883
-1.883 -0.000 -1.883
-1.883 -0.000 -1.883
-1.883 -0.000 -1.883
-1.883 -0.000 -1.883
-1.883 -0.000 -1.883
-1.883 -0.000 -1.883
-1.883 -0.000 -1.883
-1.883 -0.000 -1.883
-1.883 -0.000 -1.883
-1.883 -0.000 -1.883
-1.883 -0.000 -1.883
-1.883 -0.000 -1.883
-1.883 -0.000 -1.883
-1.883 -0.000 -1.883
-1.883 -0.000 -1.883
-1.883 -0.000 -1.883
-1.883 -0.000 -1.883
-1.883 -0.000 -1.883
-1.883 -0.000 -1.883
-1.883 -0.000 -1.883
-1.883 -0.000 -1.883
-1.883 -0.000 -1.883
-1.883 -0.000 -1.883
-1.883 -0.000 -1.883
-1.883 -0.000 -1.883
-1.883 -0.000 -1.883
-1.883 -0.000 -1.883
-1.883 -0.000 -1.883
-1.883 -0.000 -1.883
-1.883 -0.000 -1.883
-1.883 -0.000 -1.883
-1.883 -0.000 -1.883
-1.883 -0.000 -1.883
-1.883 -0.000 -1.883
-1.883 -0.000 -1.883
-1.883 -0.000 -1.883
-1.883 -0.000 -1.883
-1.883 -0.000 -1.883
-1.883 -0.000 -1.883
-1.883 -0.000 -1.883
-1.883 -0.000 -1.883
-1.883 -0.000 -1.883
-1.883 -0.000 -1.883
-1.883 -0.000 -1.883
-1.883 -0.000 -1.883
-1.883 -0.000 -1.883
-1.883 -0.000 -1.883
-1.883 -0.000 -1.883
-1.883 -0.000 -1.883
-1.883 -0.000 -1.883
-1.883 -0.000 -1.883
-1.883 -0.000 -1.883
-1.883 -0.000 -1.883
-1.883 -0.000 -1.883
-1.883 -0.000 -1.883
-1.883 -0.000 -1.883
-1.883 -0.000 -1.883
-1.883 -0.000 -1.883
-1.883 -0.000 -1.883
-1.883 -0.000 -1.883
-1.883 -0.000 -1.883
-1.883 -0.000 -1.883
-1.883 -0.000 -1.883
-1.883 -0.000 -1.883
-1.883 -0.000 -1.883
-1.883 -0.000 -1.883
-1.883 -0.000 -1.883
-1.883 -0.000 -1.883
-1.883 -0.000 -1.883
-1.883 -0.000 -1.883
-1.883 -0.000 -1.883
-1.883 -0.000 -1.883
-1.883 -0.000 -1.883
-1.883 -0.000 -1.883
-1.883 -0.000 -1.883
-1.883 -0.000 -1.883
-1.883 -0.000 -1.883
-1.883 -0.000 -1.883
-1.883 -0.000 -1.883
-1.883 -0.000 -1.883
-1.883 -0.000 -1.883
-1.883 -0.000 -1.883
-1.883 -0.000 -1.883
-1.883 -0.000 -1.883
-1.883 -0.000 -1.883
-1.883 -0.000 -1.883
-1.883 -0.000 -1.883
-1.883 -0.000 -1.883
-1.883 -0.000 -1.883
-1.883 -0.000 -1.883
-1.883 -0.000 -1.883
-1.883 -0.000 -1.883
-1.883 -0.000 -1.883
-1.883 -0.000 -1.883
-1.883 -0.000 -1.883
-1.883 -0.000 -1.883
-1.883 -0.000 -1.883
-1.883 -0.000 -1.883
-1.883 -0.000 -1.883
-1.883 -0.000 -1.883
-1.883 -0.000 -1.883
-1.883 -0.000 -1.883
-1.883 -0.000 -1.883
-1.883 -0.000 -1.883
-1.883 -0.000 -1.883
-1.883 -0.000 -1.883
-1.883 -0.000 -1.883
-1.883 -0.000 -1.883
-1.883 -0.000 -1.883
-1.883 -0.000 -1.883
-1.883 -0.000 -1.883
-1.883 -0.000 -1.883
-1.883 -0.000 -1.883
-1.883 -0.000 -1.883
-1.883 -0.000 -1.883
-1.883 -0.000 -1.883
-1.883 -0.000 -1.883
-1.883 -0.000 -1.883
-1.883 -0.000 -1.883
-1.883 -0.000 -1.883
-1.883 -0.000 -1.883
-1.883 -0.000 -1.883
-1.883 -0.000 -1.883
-1.883 -0.000 -1.883
-1.883 -0.000 -1.883
-1.883 -0.000 -1.883
-1.883 -0.000 -1.883
-1.883 -0.000 -1.883
-1.883 -0.000 -1.883
-1.883 -0.000 -1.883
-1.883 -0.000 -1.883
-1.883 -0.000 -1.883
-1.883 -0.000 -1.883
-1.883 -0.000 -1.883
-1.883 -0.000 -1.884
-1.884 -0.000 -1.884
-1.883 -0.000 -1.884
-1.883 -0.000 -1.883
-1.883 -0.000 -1.883
-1.882 -0.000 -1.883
-1.882 -0.000 -1.882
-1.881 -0.000 -1.882
-1.881 -0.001 -1.882
-1.884  0.000 -1.884
-1.882 -0.000 -1.883
-1.883  0.001 -1.883
-1.881  0.002 -1.879
-1.882  0.004 -1.879
-1.881  0.007 -1.874
-1.882  0.011 -1.871
-1.881  0.017 -1.864
-1.882  0.023 -1.859
-1.880  0.029 -1.850
-1.881  0.036 -1.845
-1.879  0.043 -1.836
-1.880  0.050 -1.830
-1.878  0.057 -1.821
-1.879  0.064 -1.815
-1.876  0.072 -1.805
-1.877  0.079 -1.798
-1.874  0.086 -1.788
-1.874  0.093 -1.781
-1.871  0.101 -1.771
-1.871  0.108 -1.763
-1.868  0.116 -1.752
-1.866  0.123 -1.743
-1.864  0.131 -1.733
-1.861  0.138 -1.723
-1.858  0.145 -1.713
-1.856  0.153 -1.703
-1.852  0.160 -1.692
-1.850  0.168 -1.682
-1.845  0.176 -1.669
-1.843  0.184 -1.659
-1.839  0.192 -1.647
-1.836  0.200 -1.636
-1.831  0.208 -1.623
-1.828  0.216 -1.612
-1.823  0.224 -1.599
-1.819  0.231 -1.588
-1.814  0.239 -1.575
-1.809  0.247 -1.562
-1.805  0.255 -1.550
-1.800  0.263 -1.537
-1.794  0.271 -1.523
-1.789  0.279 -1.510
-1.784  0.286 -1.497
-1.778  0.294 -1.484
-1.772  0.301 -1.471
-1.766  0.309 -1.457
-1.760  0.315 -1.445
-1.754  0.323 -1.431
-1.748  0.328 -1.420
-1.741  0.336 -1.405
-1.734  0.340 -1.394
-1.728  0.347 -1.380
-1.720  0.351 -1.369
-1.714  0.357 -1.357
-1.706  0.360 -1.346
-1.699  0.365 -1.334
-1.692  0.368 -1.324
-1.685  0.372 -1.312
-1.677  0.374 -1.303
-1.669  0.377 -1.292
-1.661  0.378 -1.283
-1.654  0.381 -1.273
-1.646  0.382 -1.264
-1.639  0.384 -1.254
-1.630  0.384 -1.246
-1.623  0.386 -1.238
-1.615  0.386 -1.230
-1.608  0.387 -1.221
-1.600  0.386 -1.214
-1.593  0.387 -1.206
-1.585  0.387 -1.199
-1.578  0.388 -1.191
-1.571  0.387 -1.183
-1.563  0.388 -1.175
-1.556  0.388 -1.168
-1.548  0.390 -1.159
-1.541  0.390 -1.151
-1.534  0.390 -1.144
-1.527  0.392 -1.135
-1.518  0.392 -1.127
-1.512  0.393 -1.119
-1.504  0.392 -1.112
-1.498  0.394 -1.104
-1.488  0.394 -1.094
-1.483  0.397 -1.086
-1.473  0.397 -1.076
-1.468  0.400 -1.068
-1.458  0.400 -1.057
-1.452  0.403 -1.048
-1.442  0.404 -1.038
-1.436  0.407 -1.029
-1.426  0.407 -1.019
-1.420  0.410 -1.010
-1.410  0.411 -0.999
-1.404  0.414 -0.990
-1.394  0.415 -0.979
-1.388  0.418 -0.970
-1.378  0.419 -0.959
-1.372  0.422 -0.950
-1.361  0.423 -0.939
-1.355  0.425 -0.929
-1.345  0.426 -0.918
-1.338  0.429 -0.909
-1.328  0.430 -0.898
-1.321  0.432 -0.889
-1.311  0.433 -0.878
-1.304  0.435 -0.868
-1.293  0.435 -0.858
-1.286  0.437 -0.849
-1.276  0.437 -0.839
-1.269  0.439 -0.830
-1.259  0.438 -0.820
-1.252  0.440 -0.812
-1.241  0.439 -0.802
-1.234  0.440 -0.794
-1.224  0.438 -0.785
-1.217  0.440 -0.777
-1.206  0.438 -0.769
-1.199  0.438 -0.761
-1.189  0.436 -0.753
-1.182  0.437 -0.745
-1.172  0.434 -0.737
-1.165  0.435 -0.730
-1.155  0.432 -0.723
-1.148  0.432 -0.715
-1.138  0.430 -0.708
-1.131  0.430 -0.701
-1.121  0.428 -0.694
-1.114  0.428 -0.686
-1.105  0.425 -0.679
-1.098  0.425 -0.672
-1.088  0.423 -0.665
-1.081  0.423 -0.658
-1.072  0.420 -0.651
-1.065  0.420 -0.645
-1.055  0.417 -0.638
-1.048  0.416 -0.632
-1.038  0.413 -0.626
-1.031  0.411 -0.620
-1.022  0.408 -0.614
-1.015  0.406 -0.609
-1.005  0.402 -0.604
-0.999  0.399 -0.600
-0.989  0.393 -0.595
-0.982  0.389 -0.593
-0.972  0.382 -0.590
-0.965  0.375 -0.589
-0.955  0.366 -0.588
-0.948  0.358 -0.590
-0.939  0.347 -0.592
-0.932  0.336 -0.596
-0.923  0.323 -0.600
-0.916  0.310 -0.607
-0.907  0.294 -0.613
-0.902  0.279 -0.623
-0.894  0.261 -0.633
-0.889  0.244 -0.645
-0.882  0.226 -0.656
-0.879  0.209 -0.669
-0.873  0.191 -0.682
-0.870  0.174 -0.696
-0.865  0.155 -0.710
-0.863  0.138 -0.724
-0.859  0.120 -0.739
-0.858  0.104 -0.753
-0.855  0.087 -0.767
-0.855  0.073 -0.782
-0.854  0.058 -0.795
-0.854  0.046 -0.808
-0.853  0.032 -0.821
-0.853  0.021 -0.833
-0.852  0.008 -0.844
-0.853 -0.003 -0.856
-0.852 -0.016 -0.868
-0.852 -0.028 -0.880
-0.852 -0.042 -0.893
-0.852 -0.056 -0.908
-0.853 -0.072 -0.925
-0.856 -0.087 -0.942
-0.857 -0.106 -0.963
-0.862 -0.121 -0.984
-0.864 -0.140 -1.005
-0.870 -0.157 -1.027
-0.872 -0.176 -1.049
-0.877 -0.193 -1.069
-0.881 -0.211 -1.091
-0.885 -0.226 -1.111
-0.890 -0.244 -1.135
-0.895 -0.259 -1.154
-0.900 -0.274 -1.175
-0.906 -0.286 -1.192
-0.911 -0.299 -1.210
-0.917 -0.307 -1.224
-0.923 -0.315 -1.238
-0.929 -0.320 -1.249
-0.935 -0.326 -1.260
-0.941 -0.328 -1.269
-0.946 -0.332 -1.278
-0.953 -0.333 -1.285
-0.958 -0.334 -1.293
-0.965 -0.333 -1.297
-0.971 -0.333 -1.304
-0.977 -0.331 -1.308
-0.982 -0.333 -1.315
-0.988 -0.334 -1.322
-0.992 -0.338 -1.330
-0.998 -0.329 -1.326
-0.992 -0.333 -1.325
-1.013 -0.324 -1.337
-1.007 -0.327 -1.334
-1.025 -0.319 -1.344
-1.019 -0.322 -1.341
-1.037 -0.314 -1.351
-1.032 -0.317 -1.349
-1.049 -0.310 -1.359
-1.044 -0.313 -1.357
-1.061 -0.306 -1.367
-1.056 -0.309 -1.364
-1.073 -0.301 -1.374
-1.068 -0.304 -1.372
-1.084 -0.297 -1.381
-1.079 -0.300 -1.379
-1.096 -0.293 -1.388
-1.091 -0.295 -1.386
-1.107 -0.288 -1.396
-1.102 -0.291 -1.393
-1.118 -0.284 -1.402
-1.113 -0.287 -1.400
-1.129 -0.280 -1.409
-1.124 -0.283 -1.407
-1.140 -0.276 -1.416
-1.135 -0.279 -1.414
-1.150 -0.272 -1.423
-1.146 -0.275 -1.421
-1.161 -0.268 -1.429
-1.156 -0.271 -1.427
-1.171 -0.265 -1.436
-1.167 -0.267 -1.434
-1.181 -0.261 -1.442
-1.177 -0.263 -1.440
-1.191 -0.257 -1.448
-1.187 -0.260 -1.446
-1.201 -0.253 -1.455
-1.197 -0.256 -1.453
-1.211 -0.250 -1.461
-1.207 -0.252 -1.459
-1.220 -0.246 -1.467
-1.216 -0.249 -1.465
-1.230 -0.243 -1.473
-1.226 -0.245 -1.471
-1.239 -0.239 -1.479
-1.235 -0.242 -1.477
-1.248 -0.236 -1.484
-1.244 -0.238 -1.482
-1.257 -0.233 -1.490
-1.253 -0.235 -1.488
-1.266 -0.229 -1.496
